69550
216961
19242
50527
56338
12825
56421
71145
74142
17988
16011
17387
14751
230379
11639
14314
52331
17161
20525
69065
228026
21824
239405
68428
21858
72043
72017
53313
20750
20744
239273
386463
217837
12491
237858
219151
26457
13717
94227
20893
13591
18569
18451
16854
20539
26968
14261
14283
107221
21922
74185
20692
72713
228775
59027
13039
13107
17294
23876
13849
11522
107449
14859
19128
19225
56320
112407
23967
16819
18641
21416
171210
330627
20775
235135
11910
18753
216188
27528
20319
17189
23917
226041
13179
12683
16800
17872
68481
16009
237928
93732
97998
76650
103140
17390
319996
244152
170676
17132
60599
50790
213393
12153
56055
14433
27273
18712
15526
17385
15277
218215
67896
18655
74551
30049
231440
71946
20723
242608
78781
76453
17133
14664
19683
14165
18576
433182
12111
12215
231225
17755
12268
12583
67451
19672
18616
13198
14184
100503895
54598
108735
93960
270210
97130
76477
18858
75909
17524
55963
22375
57259
18003
21807
24131
14630
17174
14230
11556
68203
212862
19116
18187
26903
12686
18746
18534
268420
83669
70445
17534
13405
223739
20698
108097
210622
18113
17319
433938
232174
13197
56072
50706
229595
30928
233332
20621
50794
11881
52635
12317
56461
18830
21802
24088
17711
21817
209773
67468
14609
230157
78339
70355
18783
347722
71724
77975
53599
19272
110446
70435
209212
243912
57436
20657
27055
21892
26570
235633
102657
68778
12931
20320
15368
17263
50908
18787
14229
50909
231997
14585
84004
76867
67996
330814
234564
11732
20719
51793
17022
18407
23943
277154
12499
109222
108075
12353
56336
107272
73182
270685
18412
19224
76893
218877
67149
225870
234407
227620
70021
17698
18822
69993
73192
20911
117198
100121
74205
14733
12176
74761
26421
26889
12227
18807
16007
11658
216963
21991
12554
11717
268445
353187
67554
19221
98660
234734
72123
59049
54324
380711
333654
211401
78943
12831
99586
98170
225845
54377
13830
171170
16332
17772
13714
15228
20187
14735
226849
75600
17118
72750
15211
20788
17756
16452
80904
57440
20613
104776
22213
216363
71566
19025
231207
20564
66859
69538
238871
112405
19735
64138
12974
19139
19252
60527
229709
21873
320092
17921
20667
16425
69772
14456
14366
17965
58859
14726
382207
14182
70686
78928
20363
74147
212448
170736
106326
22379
26432
15212
70186
18212
192193
17246
21815
641340
12490
58809
12406
71900
76267
14827
67134
12824
224093
16949
17183
11835
210544
69573
107508
22388
97884
78751
110006
21826
54208
237759
17250
14936
103172
78889
11766
53627
14739
76454
11886
75739
319477
70673
12531
70561
11746
21835
67260
23999
14629
18542
319876
17973
52118
14451
234214
75552
225341
11997
230709
16456
68487
231549
64074
11529
17859
16476
17717
68682
77300
22329
53619
98733
14245
75751
242785
232313
19662
68644
233079
432572
69581
11931
69539
110454
17067
20250
107146
22021
102247
105387
77739
18415
18557
83945
16784
73181
107375
232087
107503
21912
64294
18452
20620
26388
23921
13479
83396
74241
110213
243083
68041
12038
16987
20541
16782
225579
18174
75705
620695
23934
234515
17357
100342
75553
12530
192734
60440
17719
217882
22779
20677
13088
373864
494448
407243
73230
12053
52377
52666
239554
110829
98496
17691
73068
18786
15364
16783
236690
106878
11761
18709
380629
12091
12283
211623
70223
53614
14860
22154
70423
75788
54411
23966
18074
11815
14972
22339
64058
13836
67573
240185
94353
13429
20014
66695
21881
68852
22235
66146
26362
50493
52231
15982
76686
94185
26357
80888
13846
20440
109711
57810
97440
14964
50524
21885
14857
14678
72759
14871
14066
67847
56434
12795
193796
110606
171504
68092
11534
23872
26879
14375
22682
12892
76594
22004
217869
245527
71361
93880
56693
213673
11450
13844
69597
17684
224044
27403
16728
20347
65112
70099
53959
230099
30878
235130
210992
76547
20249
23918
269788
216152
68119
75767
235442
231991
56347
12322
20312
16157
654824
20425
107746
74760
59126
74840
18595
108148
226751
63953
244867
76568
225791
17181
72244
17722
230815
94280
23792
239447
14789
13850
544963
13841
68010
108899
74782
70359
27966
338523
18146
225898
276846
24056
109019
320790
114663
235072
14708
11772
231510
71998
433456
353172
15950
27360
239114
639281
30945
218232
268970
69151
19663
382014
14219
21981
11514
226040
20660
74747
245050
216443
104158
13998
66412
217835
13731
11606
53334
320685
18196
226518
170768
75805
16969
22632
20216
103988
230752
269424
108079
212285
19089
224650
16527
16151
20229
72865
319520
12908
71745
28075
67739
80884
13712
68118
21814
14085
108682
21366
68133
18436
268880
217340
18521
19142
16776
107227
14719
100317
20720
216197
22793
12843
15519
73218
67838
72392
78808
18933
17254
72065
27267
102635552
17347
13806
20393
230125
77305
70769
67111
99326
104263
17748
433022
12759
106795
81840
30050
68861
22402
72124
230784
56473
238330
64898
76809
74442
57279
74617
20815
19099
229706
216725
227624
268860
330409
71602
20975
78816
75452
399558
668661
19679
326618
102632
171180
74287
12315
74480
320560
215798
75029
27279
107045
17718
54608
14862
20348
67760
56726
66687
56468
18162
13136
18811
71673
23892
338467
223723
71750
244416
11475
74127
100213
72709
83429
11832
21400
18585
18754
67464
107513
16975
11555
211914
225608
11911
230991
12567
72469
20852
68421
56219
22042
74051
27277
56741
65945
12862
19359
17532
78286
100637
227632
18032
231464
319655
20706
229675
12915
18145
12125
74315
103743
69274
15500
320842
56175
66427
50785
93687
330189
70310
54667
211770
16825
76130
16889
109652
116914
269233
105245
15931
19084
68304
75612
20878
15587
101437
16427
195209
11722
72585
105348
20356
13866
244418
217578
14187
217124
13010
78668
27354
13385
12660
66659
380686
18739
17001
121022
17122
16323
52615
109264
330450
14732
67457
68525
19063
56360
171095
66039
66522
20203
215436
12804
19885
16180
13121
12830
16828
433256
107566
69863
71986
66423
353310
20377
22142
12509
218203
13857
19719
51897
246293
110796
12321
319582
241556
27205
71853
30806
12444
26563
102436
225875
210094
73658
57265
16158
104009
11758
280411
228677
14265
23947
244698
14688
68800
217692
20351
16000
64209
232086
30938
70028
74105
66898
233071
129135233
16859
16404
13383
67326
235497
69590
29858
11670
264895
21833
76293
104816
17388
18631
235527
217258
23984
381924
217684
226123
72033
19325
229474
19283
21917
60507
54673
56050
30791
29875
18950
19401
338320
56376
20410
381339
216011
17025
66148
97212
71045
223267
208439
244550
66357
21753
11520
104184
78896
17701
11474
213539
97487
12988
18984
223697
19042
13690
23965
217371
217830
53418
15505
13542
170719
18018
21898
13617
330260
18102
72590
69551
16832
69861
66822
60595
19357
170760
19038
14083
67213
77994
23849
14007
214579
50784
67933
58200
16562
545622
100042856
13527
212712
110208
68612
12282
227333
67884
20454
67731
17886
14132
94279
108954
19035
11749
56516
140740
67286
106042
68867
21679
72042
215653
319845
13496
57748
21872
54153
58799
68480
18491
71720
70380
195434
20315
68652
19791
21969
226641
22634
192654
53381
66060
67623
12534
69938
58193
68617
56401
56228
494504
52187
17750
241452
277360
27981
71159
242474
72135
20855
66940
13555
72999
74351
17150
20324
434130
59040
223870
20168
21429
19878
21961
74126
78651
66528
77987
218914
105782
360213
171463
66469
66836
17135
53623
54401
17082
78919
12725
235036
21973
72290
17470
67893
243755
97541
277396
66257
12418
213436
230837
29817
26611
68026
333433
20088
229534
13601
56811
58909
20481
225207
13848
21938
17776
71985
114679
72640
227059
72157
68837
14615
74270
338367
13663
12571
76500
15275
56368
380921
16169
233733
16842
223754
66094
93689
103710
52696
66205
52808
74106
52055
66948
241576
17159
12035
56442
69675
76485
69430
27419
208715
231580
21944
12350
68659
12702
21813
105242657
12408
16440
57896
243780
20204
213556
211488
212980
80291
22696
78797
66725
11972
117606
116871
109229
268709
269823
109108
27418
19883
16432
100504191
100273
272551
239017
232493
13200
66610
73178
22158
59010
15939
18511
21788
331474
269642
76854
104718
216618
75747
67647
74182
67738
12585
12977
12394
17083
98363
23850
435965
27404
69190
102465959
19652
16904
12876
226971
53607
105298
83398
18160
216131
68929
15460
231287
218639
223776
236930
80859
66082
16765
213417
66129
116847
20709
104112
110596
67154
433375
24014
70744
70317
66890
99543
228836
27260
54403
231413
78134
66724
239510
235435
67608
319468
329002
26562
109263
67005
194126
53415
239606
26450
22134
14468
66855
223881
107373
226352
76238
64933
226777
224860
115489854
105148
211550
11799
12428
52430
71514
15201
67255
74558
22689
21827
16568
14389
13476
170460
11951
11983
73694
12445
27059
13007
20652
229543
17775
68108
100862375
209497
14211
73826
217718
231801
59031
15370
17984
217715
14205
209630
17939
59090
69660
407800
83965
74229
75690
67603
269198
20341
320080
12865
19193
71584
229877
15469
11981
73473
26556
104444
100494
445007
75785
231876
101861
69981
15288
16600
18584
102103
270058
252838
330836
64339
22319
11429
70564
12395
12400
68292
224143
67145
19294
101568
54519
114774
21927
100044193
72269
59092
68559
71834
227094
329470
21985
20501
13855
73102
72480
73379
22436
217935
69156
73205
208647
73212
22658
100042555
241520
100042480
54132
214239
435626
213484
244198
66515
20521
67123
59046
225432
19288
12313
21929
66441
14387
20472
17721
100502940
67528
13688
69106
14854
12505
75007
67618
14312
66525
72568
76252
67041
67900
15399
16978
11674
241075
20226
13516
72361
20338
244853
72475
70967
26390
230249
386612
13629
75221
270802
16663
12304
11816
16500
76308
232431
66352
228564
78100
74013
72020
386655
103963
238317
74901
58521
70045
72823
70717
67991
223693
66752
11820
16885
20868
208650
22704
12039
171543
15184
21834
27660
16373
106947
77219
216848
16188
28036
75387
18023
11600
17716
12869
213326
13809
18453
71819
21928
76551
80986
68140
329065
66624
69773
269713
76740
193385
69582
170677
13640
226414
66945
26965
66180
207565
219022
279499
319352
104156
208440
215303
11605
76205
69740
12009
19822
11982
67789
11987
83814
74330
14457
237542
272396
52665
216805
106068
22381
115489207
13078
67849
72029
13056
108654
217011
209357
11739
16400
71207
75625
237459
13171
13367
108737
11933
384071
104383
207683
320398
76630
100705
56395
382073
13400
381338
216395
328381
71240
106759
19210
50927
93898
71994
212706
56374
71648
56089
14705
11433
74486
69241
67905
18648
229700
17252
58804
21930
17537
74777
625249
226025
110842
19223
56484
625018
107477
107515
66905
20360
231834
69109
22318
27387
13638
67302
214424
93881
70999
223918
213233
21384
217980
56321
68801
269180
66277
100040682
15081
210998
240327
13607
60409
79555
114716
66111
230775
14183
629378
58988
100039957
76365
105513
227120
12399
80286
20773
77519
56524
68728
67819
100306953
55944
50875
217716
14231
70465
67073
11306
66241
24000
320309
18190
224648
59038
68294
74349
329739
320825
56176
193742
212167
18571
12015
16177
20603
56196
69178
76877
433813
70178
67065
380969
17850
52009
66442
94089
12816
67759
11798
228355
69745
16504
19073
53378
69186
76983
20397
16870
20353
394432
227154
13649
12700
76608
14362
240261
330938
22724
70382
14645
14026
433586
67533
69976
14700
22221
68631
114601
57264
12793
105732
18824
66523
72831
16665
29876
26416
246782
22258
269587
80876
20429
21685
68134
106369
11745
11677
53320
17705
22200
66704
17134
66573
100502698
14674
103135
30046
66313
208076
12539
235459
83767
331188
22340
22751
80708
68087
96875
78610
75415
67422
70012
51810
67877
67397
14528
235431
111241
76688
53867
21940
13120
17215
228140
63954
21428
66264
229663
12497
60525
66131
217216
73242
13106
22341
13371
30057
66439
20585
15257
56403
100042295
237860
225027
18027
381269
380967
71393
18082
21877
18612
102580
56463
106585
234582
16164
213006
66199
109242
19285
13822
67788
26936
382117
116733
110595
12552
22785
73680
14806
212772
17436
232187
67160
228545
72075
84113
22227
20419
18475
24105
66583
231807
224273
17913
101772
16948
29816
353208
20779
21355
74411
56459
66073
20317
78334
319801
66487
56455
24136
239555
70556
22628
78283
211922
68192
102644
218820
74322
18793
245522
26886
83701
72454
74140
271424
93683
80985
12334
230848
29809
83924
98376
76900
18789
329934
227545
19247
52915
52040
329251
69276
16785
94281
260315
64136
320742
20194
69219
18742
66044
74772
11416
268294
14043
66736
13732
107823
16848
22256
67179
20362
69718
19039
66917
216238
667277
230861
50786
214627
77371
77827
56312
21763
231279
11569
110816
235587
70373
74616
72446
211673
13167
24045
22688
14999
107995
18127
75019
319880
20683
26407
64144
211660
52585
16402
270156
67414
66998
27999
67291
66369
242669
18752
70750
67075
14284
11877
270096
77038
18295
244721
26408
109700
320100
232371
52874
24069
68567
57319
21389
13360
12385
76192
15040
68497
110521
14241
57431
434353
99412
19656
66156
14884
18218
72056
214855
56742
213389
12799
71801
72415
226841
235086
70312
233726
70350
57874
215494
109145
77744
68166
20887
16477
12331
76901
22337
56357
66164
17720
66642
64655
240753
240255
80982
56018
245638
224697
17304
77059
58805
13631
57321
79566
11671
56085
14745
16599
93885
52463
20562
74192
67544
73836
225631
224807
94245
107321
14957
77044
12014
68828
207785
246707
67452
17128
140579
215999
212627
16451
72119
225289
17997
52033
11752
79201
215615
11841
434175
13418
11515
13345
66256
68832
68205
78937
74153
381280
67665
64658
74511
332397
26940
216549
68328
66925
14256
218989
240334
66662
67429
67488
107368
109624
14313
69051
214901
329941
26897
231583
50917
101706
23959
216831
22027
109169
56705
378462
223770
17219
67943
12648
58994
71910
75841
59044
18130
217866
19896
76073
16372
69568
72284
233805
14102
225998
11744
72238
66480
229599
18844
226778
244059
170459
107528
396184
18791
74356
17692
103836
16370
232157
14479
66245
217119
17126
100336
218236
72615
28018
14296
11907
22352
14809
328365
98238
15042
13244
14011
69654
67338
68201
67846
214922
218194
224826
67097
216858
114229
102638614
20308
140546
140742
449000
239188
613262
76889
18117
93806
66839
20135
215418
56048
76737
50762
27410
232685
109154
105440
217365
101118
237847
66548
12337
55927
319322
16410
66626
17977
72341
381308
246049
236539
18301
320916
12705
52014
16419
271127
239217
12013
319504
223453
70238
75302
210135
319196
19414
102545
67070
17218
67726
