231070
14555
57875
12686
74147
235674
232370
117167
27273
13360
237928
12908
246049
71361
76282
20249
57264
17347
12350
621603
14933
14645
70984
19683
16987
237858
13717
77037
20750
21817
12349
14311
53867
26878
18187
217837
104776
12389
69574
208715
239447
14874
22259
16527
12583
226849
16956
230379
381339
56454
30049
18194
104158
20528
52665
66427
20720
17387
239017
17294
108075
21835
12491
18133
20775
16891
18534
69938
212448
22228
76933
13107
26358
74205
12822
319942
234564
106042
108078
54208
14456
66548
17436
73205
74185
232493
14792
13121
15277
97212
103968
66854
18576
20525
64292
231225
23921
100705
20250
70564
12683
74551
100503895
26968
268301
11520
66234
16854
116939
78920
216616
13479
14712
240725
12266
23876
20539
20377
319554
85308
19305
20501
83379
71145
12359
67088
22004
230784
11429
116847
13358
16403
52014
235283
16890
56348
28169
67451
14081
12737
21881
20657
11302
20564
16010
226971
19025
67468
22368
268860
11370
228677
14165
11861
76187
235339
23917
17390
17159
269275
15488
12759
192156
20514
12457
67800
13350
373864
231510
13850
270151
98660
56072
57279
71881
13809
320840
22117
11430
20778
18641
110208
12819
19088
26357
14137
19017
27376
114249
20324
14283
12795
12974
53860
11832
14705
110173
228026
243270
67460
50706
70153
78894
11910
18604
14373
269642
11931
13617
110196
18830
231440
433456
14314
244723
67469
26421
18606
11732
223739
68614
239463
16009
52331
21824
58805
16181
109254
53959
11565
67260
97998
68952
11826
68203
67041
16663
68603
11364
12035
382051
21838
56752
74901
239405
11838
15357
20280
57742
53415
11639
94185
68481
18639
319520
328967
76306
12176
75735
20193
319996
69597
243219
19128
17313
227731
229534
11636
19261
12036
102632
23945
20362
56473
53357
74760
21857
20315
104112
212862
54409
16835
109019
384071
68385
107747
22350
71461
237926
58909
215210
66868
67283
17181
18406
67003
13591
14381
230125
52668
19229
264895
53599
23794
69590
56535
66307
66853
77422
72157
12834
67426
67528
66610
19288
67442
16011
14115
12040
105501
22245
53412
23967
223917
15483
52635
21928
27359
109245
72585
170459
64209
104885
15926
217869
68267
12452
56085
13030
69386
14261
16665
227700
12484
105727
21416
79202
67512
55963
69065
171210
23881
12390
26949
18162
17252
239570
11803
22057
56506
68428
233489
227095
16404
50527
52064
246221
15368
108089
73166
107272
21825
16673
229589
70335
12499
67389
109222
77059
69538
233332
73569
73102
74617
319880
195434
19703
19885
73699
234734
11450
54216
52829
320024
68118
56320
224093
217340
219151
20148
13805
319924
19299
20351
18405
66841
110960
77569
280408
21351
381203
14719
104943
16449
105244392
56045
71918
66205
231991
21788
63954
12876
18104
80885
66881
16800
76453
105387
110460
14245
211652
12305
22248
73458
72759
67895
73822
231086
80880
68659
12418
170676
21802
22095
66277
12226
11363
71946
72754
14710
18631
14667
15526
11928
14958
18451
70380
60525
217935
18484
12039
17984
110095
225341
17203
21938
12628
171531
18164
93687
71801
14751
12189
70355
77697
245847
66945
50786
234595
107146
98496
277154
211401
17768
226041
22042
67155
217707
18791
21961
78560
433938
16819
17160
70296
107221
18383
18616
11600
209773
76219
227620
118453
14366
207181
230815
245880
330450
70561
84004
69573
110829
21858
434510
235435
22158
11674
15211
20787
56384
67819
20677
20710
56742
235293
218877
11881
27355
69581
22401
319196
68119
67573
20887
246747
27219
12450
15212
59038
114774
76893
170768
16832
18984
24053
26401
19052
223881
74682
20393
381199
13024
66887
224530
19252
353156
71670
12896
53422
96875
232313
56213
13593
12814
233805
18807
19895
15235
12385
19223
50790
18542
110854
14718
26558
20692
17133
17775
67452
19876
99929
11484
24070
14387
18131
58875
12558
19283
26563
17001
235599
16889
66882
14184
12268
103140
14104
26440
58194
67477
28200
67168
14609
16000
13171
52857
11946
16828
52430
19317
227197
56422
27528
72043
11637
224014
18712
27049
55936
110006
236794
15490
67834
72129
18633
230027
70750
27419
12815
109050
11529
21354
18569
56174
77827
225875
29876
11770
11745
70686
18212
242705
223693
11722
56533
229949
102857
245050
217732
83961
14066
230837
320415
110265
71111
14999
11761
76137
236792
242608
94249
214642
228966
13367
72108
66148
59027
67963
16969
72361
56613
12552
72948
14664
20502
102626
433801
50909
13807
17714
11655
16840
225791
192231
110595
23792
12519
19225
259300
18709
384009
19735
76650
228859
16949
353170
72479
216188
13106
15412
54324
171463
68671
235461
279653
83429
56690
13723
58809
58200
19298
227697
208691
69861
23892
73230
17708
16783
30935
97440
18605
215951
14871
67622
216831
68652
13382
11857
11835
17392
26943
12395
13346
19364
320916
11669
112407
270166
104215
68487
11556
12304
136856708
22227
213056
13610
56175
94192
216439
20317
14936
74316
68114
13803
214424
60595
51793
67739
15929
67893
216049
66065
67326
13830
24066
55983
320790
108954
104601
17025
53614
53313
20341
14183
230991
18574
74610
224647
19159
330790
113868
18082
17939
11981
230157
276846
19157
17988
19165
27260
225998
245527
66873
69539
330189
70495
22379
19300
14789
18407
14708
21810
66890
94187
67896
17388
74229
195209
12038
67956
67809
243382
15354
216148
104718
21386
69068
237175
20308
108037
78038
192185
23966
16592
170728
20709
22762
20183
15460
17855
20352
12585
235130
83814
13629
56322
12916
18208
27225
14745
56298
51897
57436
19099
381236
17161
99543
27053
242050
107522
20621
67526
22418
105298
21353
382075
244152
22375
76130
230163
229517
67374
381801
100604
14187
52538
77889
22340
17169
23972
68041
93898
233079
214048
13542
18669
223697
26926
66270
231549
67039
78977
60527
21892
65098
74246
14463
29858
67247
16768
22337
72179
57810
140579
18034
71743
84036
216961
381269
70359
56709
30948
11798
108958
66469
15228
56524
218885
74114
22110
24052
75612
20535
112405
93747
69617
12091
80837
208228
77976
22628
20319
68653
79201
224129
14013
69151
18767
329065
268880
66687
14085
239555
74646
269717
74048
209212
67455
97130
69071
58911
12475
72480
17132
17254
14865
11988
380713
24108
269951
93732
15944
235135
244329
98238
192166
56398
13032
110213
18597
68304
83945
269788
13664
56442
57259
64933
52696
12122
66350
27267
14747
21834
319625
226123
70676
68083
18787
15395
105239
227333
15519
381314
118451
71648
71452
67448
12257
20788
106861
224090
14726
268930
22229
69976
50709
74106
209027
83768
52690
68349
20744
621976
231858
75927
20583
66968
97487
71310
12842
225363
21922
17532
236920
384619
14370
67453
72649
18747
140740
109294
16859
66586
239273
102693
14466
319710
67647
98388
16582
12836
12865
14571
100494
13010
68682
68895
30928
16330
67851
94253
26408
19012
18521
245857
69674
102657
20347
667742
664883
13175
72634
70435
81703
75695
94044
76566
13857
69202
20667
12111
20216
243083
241452
12709
11535
107589
66629
22134
53608
58233
11754
381217
94280
22142
104184
19662
66878
244853
69852
103172
217258
232086
58193
100042480
56636
238330
14651
68552
93674
14102
17713
18479
93960
20229
18113
56078
18227
100503924
60599
14200
14600
75007
19344
18811
19272
20498
240672
213945
17200
18222
74442
233724
26903
433022
217737
70456
217517
18789
11658
22339
19027
56338
330814
102866
26360
20512
13992
102098
77777
226090
226777
24056
16784
110078
171212
106522
71772
211347
76969
22240
215751
75909
623661
18412
116914
67255
20524
76784
224697
13844
223455
26432
80888
68631
20773
107271
394432
211770
71986
20661
74777
11647
20411
213989
13549
20779
75553
14390
28040
50997
18563
22724
21803
73338
15979
192236
19294
399558
64297
12606
58240
320924
12833
100952
20226
83398
71240
246277
103711
76612
20322
216565
217835
67884
17118
12832
64103
218630
11677
260315
56700
269295
72147
18514
12700
68519
69641
18746
102639573
230119
19672
27402
27206
57373
75234
17706
72199
14205
72865
100041677
67880
63953
56705
211623
320184
12831
59092
18146
12454
54401
240888
26373
20444
13177
72046
230757
13688
12053
72709
19042
81896
14528
106564
71889
218476
11409
16164
20932
20682
73368
244654
245670
192654
70605
435965
65945
327655
12580
109129
66214
12870
66904
27277
66060
14957
320923
69847
63955
54375
12490
19125
67154
109672
24051
21763
76976
241943
11854
110532
27387
11947
12531
329782
22021
11987
71939
14119
56741
23853
228875
219158
66366
19069
16206
11428
29810
70427
68559
78928
17183
11814
66330
433520
121811722
11495
68617
17955
19326
74241
223601
22388
68585
66075
14732
330863
13650
70237
74256
20480
69568
170718
22403
71774
74287
73086
11997
319670
269233
15000
68792
18796
22325
12479
230935
18293
20916
14766
68521
77219
52028
15370
24012
50708
68525
12530
232811
17386
214804
52874
209558
620695
29864
13476
70423
72674
320982
140580
107849
108888
16407
19262
22152
234463
17705
17912
17534
72504
70420
22632
76788
73068
270210
68734
225131
319945
12348
104175
13841
15040
117198
74016
74155
216805
69387
212996
107045
67636
20410
104027
97064
26404
53623
72124
217149
56470
613262
216157
68942
211323
67917
432530
18537
12505
19122
68241
320256
71901
12801
71207
12915
224824
140571
236539
12892
234407
11610
105242657
53885
240505
99326
108705
329384
12952
73047
12825
78283
20321
13371
108735
76686
215494
18858
230103
21887
237523
72333
22779
72401
16950
17850
13619
218232
13589
18655
11606
66120
230648
328133
66540
108012
68778
18124
433182
66445
67486
230752
76205
622675
18551
70417
67603
70248
12070
67869
14955
67005
54486
19155
73130
66822
17716
14567
68520
12514
12660
67579
414111
227325
70223
76482
224794
15439
233806
79464
17684
234094
13004
218454
67623
382207
223453
278097
66612
18030
66940
26874
68943
18032
606496
73419
330177
77622
75415
12751
78830
99011
13063
24069
11841
15507
107476
77552
105193
193385
76073
102580
229801
14151
70370
27054
54561
50766
12934
14282
268281
16600
102644
19340
20698
51798
106585
68053
11569
217692
223658
69718
23924
11489
72392
52915
272158
69662
67286
214505
21886
30878
435337
338521
12406
66865
233890
106326
434215
15199
66921
665113
625249
320720
100043272
381924
68465
14633
665596
319371
15108
26457
64138
17691
17130
54411
76238
54519
71709
70381
70101
18160
382014
21813
13642
56070
67844
18442
21885
68350
24131
22411
71968
230793
16480
68020
110842
212442
109264
64294
13110
23999
70599
66711
102339
69181
56220
16432
22213
76786
67418
244666
50784
78749
15375
70356
11739
12010
353204
12321
105352
215999
17754
18645
320808
78825
66573
94190
17314
69368
74148
216725
208890
66084
69090
16764
217887
24105
80976
29807
69190
216558
16180
56726
212307
319909
54667
65221
380660
70791
268970
66488
214239
239114
17527
19205
19330
14469
11853
52118
16855
14538
19357
74322
268567
18742
215632
54637
13846
74335
14786
494448
56428
230099
71720
20336
74511
26931
224044
75751
14230
17300
71591
16476
74251
192657
54601
665180
20273
18634
13731
56463
72075
101401
244198
26921
240396
72269
140481
20196
18220
114664
64899
77583
14809
210029
66454
13822
20723
74142
20963
68628
24064
22235
194268
11468
15184
17859
12799
83669
98363
234593
17758
69550
14544
320747
12334
83701
52575
70358
14239
109624
380629
17536
240057
13612
11804
72065
16948
12455
235086
13641
19016
73910
66650
72244
228432
56349
72113
70369
13386
16669
66839
56218
21991
18754
67099
140742
26992
69675
15510
14991
70310
11815
140484
68250
76044
74559
433904
26427
11816
56644
17304
17380
14362
21833
18223
72607
66895
14615
110391
11886
59025
108167447
108654
105148
21379
16780
26877
72026
20349
13046
245269
53378
22321
12282
212285
15950
11603
66861
67951
22592
23805
16598
73132
20168
110821
319965
67976
330064
67525
109857
19177
20687
22722
20807
226255
18783
26562
236733
270118
76718
17318
73046
383295
102639598
27015
22063
13595
229595
94221
71365
74356
329777
20350
67586
58223
233016
22772
319322
108153
23965
56055
16601
110639
225870
70673
17967
15452
108689
320825
105348
94232
27801
17772
83603
16909
381560
217203
12018
66912
22377
73736
13496
64075
214968
76737
230594
21766
56794
27366
216363
56356
14723
74186
11820
72931
66775
20344
14595
56431
242642
15182
69129
108657
230751
109168
73681
71745
22793
107817
20610
66752
20747
107652
13006
225372
628308
237339
67443
116870
66174
55991
109108
100271882
75871
11983
72567
77300
20342
71602
99031
100043497
67847
30944
225631
117600
56036
26388
68801
20130
216151
15512
102075
26897
21917
208076
103135
245866
319845
12453
18619
19158
239559
12283
268566
68790
14682
216739
209540
235527
69046
108911
50887
71767
105245123
68031
13714
16329
17948
67123
11883
11746
16332
74868
22634
320865
14201
319638
13120
52040
18010
23893
27029
67037
20392
68861
76740
102607
239546
71566
114874
20845
260409
20266
70208
16531
15902
269941
12153
226178
76485
67204
217578
208177
22003
54607
210297
16646
76687
207683
56550
320661
14658
100043387
69807
224143
18798
77590
98985
12722
76580
14621
103963
57738
211550
381678
73713
27362
54673
70025
210622
235040
100504710
64058
74153
18607
56736
226075
100504116
110596
67171
77805
14806
71865
66241
66646
98733
14247
78523
50524
228536
11609
83554
30839
11812
666048
77739
24071
20530
319478
13205
13858
103988
69104
171170
13638
11652
15399
241638
63993
64296
66642
57319
50908
66877
76787
27999
66704
240168
72568
69784
226352
17126
20257
227154
52808
20846
69772
66154
246707
383619
12955
242894
227937
29871
68724
414801
242960
12724
58859
226040
76563
53893
231287
109731
14199
229905
102631912
73182
12983
20817
407819
69993
15500
67187
11858
12527
20563
53375
16998
22402
54598
212919
12364
18491
74386
69786
26356
664994
100502829
24088
27061
435366
107605
13139
213575
16425
12367
98170
70233
19164
211135
170750
75320
11601
117160
67210
12409
12125
11810
56273
93689
56209
27494
20603
76178
18803
68859
27357
77974
114715
23872
225160
21981
72057
69702
235345
330409
59090
69955
19328
67035
77519
52466
68800
18141
52637
67871
12509
17952
67440
12013
74568
277973
216150
75580
69863
53881
17064
208266
69248
16548
74320
67149
320717
20201
75406
217718
22378
68024
235633
230709
100689
212168
73852
17748
68927
232227
14783
77305
68498
19729
101437
19056
22260
19707
70701
93692
102103
19013
108100
73826
435626
66694
75985
230789
59033
99010
67105
22631
17164
50876
268977
272589
14302
51800
66645
319757
18572
28000
11419
67106
215705
208650
223773
83433
64291
239188
102294
67179
28030
66925
11735
106529
18618
237459
140559
21933
237436
56699
23827
56401
17769
240327
67178
66403
140570
192187
170441
170826
226744
67914
67308
103743
11666
26443
66278
225898
56722
217715
77987
11488
243912
68493
15414
11766
234686
71712
78808
230674
13167
53376
244556
319586
26564
75974
72691
100037258
225913
20620
215418
246782
66857
241556
282619
67725
68263
17960
328232
20969
74648
12224
66082
23984
14479
74754
103213
106869
28185
20725
17289
232371
217140
68117
60441
74158
277360
104009
18584
73124
228876
16498
80708
641340
11492
75723
226153
107869
14149
269695
214627
66972
107515
236900
108737
16579
50490
217830
330171
620016
18218
380711
108841
74194
22685
210544
66634
70617
74270
192656
319513
67860
56451
212772
66929
71994
26570
26399
13819
18263
20499
30956
142980
75423
56520
51799
68646
235406
216792
71833
51797
100042880
353282
13169
105663
102058
71436
68178
93790
380664
223665
74349
20660
56335
66151
67500
268936
72560
71724
20463
319480
74330
19124
51789
67948
71093
329727
70028
14433
242291
100038725
53945
11306
210808
67978
11966
230073
12041
100504425
70873
52685
96979
665622
21389
71929
224023
11772
109331
226999
94281
50849
18024
381338
59029
93806
216821
74998
338359
241688
209387
114663
80290
20947
76499
22381
433586
231413
50780
347740
242409
67213
75590
83602
228608
223722
17537
103844
72713
20716
72873
54403
66980
66523
16157
67412
626802
231834
11972
21809
19682
56048
235134
100201
12234
51786
102466642
116701
77446
16188
24113
212090
51902
19822
56429
231214
319504
100043911
66306
17022
109754
70536
67128
129135233
268739
56087
18415
11785
73212
53611
106628
67446
60534
67103
66048
68775
100042784
68977
69821
66264
70316
74488
26569
69186
14057
19401
230868
75725
214305
76454
230582
67249
545471
19285
56703
121022
71890
19240
621823
219022
66168
56382
50791
244418
76900
243864
69064
19671
12576
16664
57274
22160
319839
22359
72778
230126
320806
13043
12492
77106
244548
68059
16158
22436
223593
68036
72615
67231
107358
103080
75273
76509
93840
216001
667277
104099
13690
27279
21452
13185
234915
14312
20224
21815
55927
242721
78754
56706
104303
212712
13716
22654
319477
11513
58520
20363
14118
12931
26940
320207
211978
14376
216156
244238
52717
67838
17357
319179
243755
17082
65099
12317
231855
30938
11740
11757
17750
18753
228769
12830
110606
68375
271457
245945
11549
108687
11777
208618
30806
237847
70207
101351
13078
18114
107508
319156
68371
56551
66412
17874
21844
55944
625018
53332
12394
78795
21821
100503676
72736
100043403
64144
14683
20469
20910
208439
24010
235072
11537
19301
67036
52432
20674
234740
208647
224105
67384
50907
66626
66218
19877
67563
626359
69672
16328
76614
225432
214137
59040
17449
15937
14629
20014
224829
319352
16573
13631
74841
103537
13823
16976
56461
22365
14594
215748
380967
16370
26922
17189
22694
110920
18033
107371
72287
213233
14120
73679
74548
80909
16904
19084
99586
396184
50850
66199
233490
108853
14635
16516
66659
74140
67590
208117
226162
76608
235386
11744
19713
65970
212647
60613
75624
14904
73373
230500
218914
71703
68097
69487
244721
72033
16870
18391
67130
110962
73379
19242
12215
66423
70247
26390
280411
230673
226518
14461
56200
114142
54354
52440
11555
21366
110948
226691
16728
74467
67416
68497
19655
217695
230796
76594
15898
227094
66461
11303
27055
18624
20496
13047
192193
66257
67694
64074
18143
215512
102633750
93880
11856
252972
26462
76952
74354
105670
211286
217946
75404
170719
403187
11933
11949
74411
94219
52469
16782
381059
57811
56541
209131
16337
107239
98766
12465
110826
109042
11845
70804
378462
22367
73658
76547
94279
17717
52055
94178
338355
54635
59012
12568
78309
27965
101197
14563
574402
80287
16443
68197
12856
664799
22200
72993
12020
19348
100303731
77031
14827
24063
67441
71675
109905
211329
70317
16796
13191
17117
18209
12017
78773
24083
216963
20893
19153
64010
234076
384061
69470
414101
20170
72141
319613
20333
15360
100415915
77951
12287
16453
76080
52609
236848
243923
17215
12315
78558
67897
104570
69091
218215
217039
231600
22154
22393
15951
72170
73062
68964
207952
69106
235431
629378
67333
28193
16367
18436
240034
76877
66272
74410
216560
228491
66885
66810
319765
114601
241520
170706
19878
16150
227120
72039
20018
66871
72433
57080
269424
19089
242669
109700
67760
70231
26450
57265
56449
320438
17125
224170
52686
72590
71729
53424
74762
67921
234378
14626
20975
12192
13998
67397
243819
14164
117606
100040462
19142
12190
217864
54604
73139
17524
56788
330216
57170
75705
66397
66932
68303
64453
213332
18792
109711
226250
72296
66061
242687
56216
52615
56496
56434
57783
215474
74178
230857
193740
235534
71779
23986
23854
17260
207592
70349
14317
53320
108903
235320
100503178
434204
228545
268354
18127
353258
228140
19691
17709
52187
66521
270192
77832
268512
17872
214952
69053
240817
23877
235169
54198
67876
17311
102545
76438
20320
215436
71045
29817
70432
68095
52120
330173
16569
93888
56013
432838
55951
72630
17690
66934
226856
19179
216820
73094
27360
102423
212898
55994
227210
13345
20516
210853
56615
12864
78668
72881
106581
19063
212980
74653
51938
68777
170748
67856
13163
59093
19687
331026
76192
26554
71275
12994
75767
26970
380969
78248
114863
52163
69537
59069
338371
67974
59049
223775
544717
23807
321022
12643
207214
59004
68995
70556
215493
18166
18969
24060
54352
67712
232087
228033
66493
12827
102639906
67163
22696
67160
16574
66116
227059
319801
70762
13660
234309
619973
30853
19736
77721
108077
12331
74782
56392
13136
16803
27261
16798
71718
22032
76775
56532
68135
16815
70110
72190
72472
21787
380928
333433
22059
214901
19094
97820
229700
56811
67015
19352
19245
103655
208846
232164
74041
14073
212632
63830
216233
24068
217664
15473
19296
12408
76406
11425
73178
14453
212943
320273
19185
20908
171209
17991
17448
66989
74192
12839
11717
56295
67996
52906
66682
237336
26556
252838
226154
67903
100039042
17979
381308
432508
53310
101772
72265
67993
235180
78755
53382
320092
407243
212111
18822
17120
15893
20005
18483
78889
70425
11793
242362
71699
19116
53902
13497
227753
74735
78541
414758
235587
69150
66381
18049
30059
226823
12370
56358
19035
71985
52552
353190
102595
16401
433956
66866
102639802
319742
13831
217119
17755
252967
74080
234663
66926
100637
244550
192970
414108
225872
320805
11840
67710
269023
72149
19708
15254
99439
14702
15405
66070
20724
17965
74195
215798
216190
72135
15516
50772
73247
238673
14272
66050
15257
74201
234875
18117
66979
74761
497652
50875
53323
15568
66949
217708
66355
217666
27388
74043
14083
217379
102638016
100039440
319387
56375
12633
70155
52206
18553
75600
22187
210766
26939
83925
244631
381353
70186
233904
232790
67938
619605
215789
99526
212153
15227
73750
386649
15931
11836
23994
100503353
279561
14677
56371
70445
14815
66588
70294
73172
118568797
27397
19224
17910
246229
433408
15511
231134
75826
19334
77975
77862
72519
94213
54371
76987
77038
69956
16572
66724
66997
53321
245886
76516
668173
21814
170761
242915
207740
192662
13433
328162
19359
54153
73916
269639
115489936
72144
66525
52551
74013
68047
67887
12177
18559
67059
68770
329702
67839
15958
68879
16560
14527
16004
11474
16194
14768
110911
56299
74200
69726
93694
57874
72486
103142
67078
72123
228564
66686
329735
17954
15413
235050
27426
654309
21847
66375
66566
66943
100463512
100336
226151
664862
22190
56448
12445
11951
233549
20384
68875
70757
14404
76332
22619
14268
56457
56297
54405
89867
74438
72982
66448
11519
66152
209645
100764
66676
67492
210582
71683
107260
100042498
11950
67043
14225
15569
71492
76886
66108
100041585
29811
319618
17966
228880
66073
269704
192678
20397
107815
26879
215113
83965
12978
68133
23879
13601
74159
66998
74763
27395
14739
70691
80987
230584
211948
58521
329659
71805
22715
81500
15201
331623
14860
76089
69737
67946
14252
66552
107934
14700
67434
171580
22027
231147
213011
24014
102641476
22635
67873
67116
73274
11433
319876
100041230
75750
216551
207521
54353
67790
13859
338523
22253
72349
449000
17777
75540
232337
268564
320404
66727
329165
317758
57295
338360
101113
212706
18557
125179616
242819
22351
94353
18693
68904
208194
20442
225283
21400
16348
16371
100039123
13681
15247
218397
14229
66787
230903
114615
94245
319660
11536
83924
15251
319622
212163
72828
229541
233979
26410
107527
234219
18145
319899
13669
66335
68832
69957
240186
13405
13682
240514
56016
320394
77980
68015
216152
11432
12298
17128
229663
17217
73288
67867
56717
229900
338368
58178
66209
331004
52683
12337
20521
76265
11855
72308
66140
171486
57914
227058
100040766
234911
19023
319229
52708
97387
109095
217124
382571
13056
319468
52662
78308
232157
54201
21414
69710
667370
233208
18301
382113
231801
105245
77125
268294
18230
76293
19141
105732
118449
239170
239650
68070
66043
74238
18242
28088
112403
105675
67776
236285
381002
56807
104080
16658
14411
74577
212326
110784
93712
66091
66816
19821
84095
13437
319448
64898
108682
23789
67388
118445
58180
107227
107566
27280
210925
13194
320842
101861
71059
13592
30055
260305
27361
102639653
319159
16201
100182
71983
56480
12890
110695
17423
54525
226025
78100
59288
68667
624784
217371
52357
20679
100039953
12050
18023
80752
108899
72429
23888
19062
108755
100040260
107734
93685
67381
241175
54720
69893
70257
72475
72535
17710
319161
12534
14158
257635
20360
73389
11702
14428
72083
57837
170731
102124
246154
384783
320587
13848
13543
193452
108645
93887
53619
271639
226421
21975
83922
238323
237868
60533
654470
56282
93696
73680
233115
67063
13866
68815
97775
53886
22273
19367
211798
15064
171095
67655
71751
78752
12028
233726
216161
54484
213417
22289
16363
20869
76932
98828
20472
110147
78334
67826
226610
15185
231003
16779
226646
14825
57439
51886
70544
102414
223770
78070
106794
109778
75221
215378
66736
320709
104681
218194
56464
353211
208638
69792
18710
245174
22083
68767
69008
54338
118568728
100678
74239
72701
16825
68032
233781
83436
18037
105837
100177
16452
329078
67266
228829
213350
229524
18938
50781
56374
353310
20187
18458
13804
381404
15245
66847
223723
76051
13058
74840
14062
75687
80911
71753
12309
69635
14004
215201
74122
330323
67556
76299
12747
50935
442846
15983
93761
13602
17076
13202
17087
20678
71785
13144
16451
20649
56427
13726
244698
15401
237758
66899
232314
52348
218100
66953
12988
18854
228836
19647
70713
68146
665211
67680
100039968
69109
16195
18018
16581
225280
214345
23886
115488784
19646
58208
17685
319822
21672
56017
69551
52174
69113
72668
64136
70127
67979
18771
68235
436022
22680
20833
68526
102633081
104318
238317
104130
329795
11819
72775
67164
101835
67547
71966
14211
14380
56219
210293
75841
17268
12705
53418
18188
74498
23942
56046
74182
13626
320100
18799
73078
225659
16576
102641016
229672
76582
16633
102632806
217473
68166
380850
71584
12461
102638614
13527
72341
59057
216705
66583
66653
73729
74552
328309
14709
631624
11486
217370
69226
268706
52004
26428
16795
12672
12695
12353
639281
212503
242418
320234
12895
74008
105014
18475
78512
232334
227449
72117
20729
21956
16399
269053
105246961
93737
233877
238693
12296
101966
228136
22441
13448
71952
243548
71804
338365
223921
71707
100042807
72198
70021
245368
69527
223527
20713
74051
230098
20227
22215
83962
238247
67236
66844
100532
20623
209497
16558
20613
216829
209692
52570
19387
18817
27057
228356
107975
70592
77220
107746
234796
108099
217201
54670
17346
224807
74776
219249
244891
231997
226351
68550
80859
192188
67371
66229
67609
66587
170755
100043381
13797
72290
100503147
407812
12785
14915
28248
319475
72780
109082
213760
193670
67273
239652
67180
75796
66071
75990
171504
70484
269529
19267
56307
16897
18408
104346
76524
23801
109333
18518
66975
20981
66399
71721
66495
228139
100273
53413
69894
93716
67488
170736
74670
28146
20440
72018
68490
433375
12476
13244
381979
29870
30045
66385
213012
106389
320974
72154
68365
213673
212679
219189
70266
72961
106504
15404
19072
72852
75782
320879
319314
74318
108699
100121
19934
68048
208146
66420
14048
13486
231386
235611
72739
75608
72180
320609
213402
68828
17187
78908
212198
29863
22272
105522
75964
13874
110075
109229
18440
114128
20639
60321
20356
64704
211660
18214
16179
17330
66958
319158
192287
668039
171543
55988
71914
17454
234967
72750
11550
80981
100042555
20707
15116
20655
18805
277010
71713
71323
330817
22209
20743
245522
211577
654824
21422
12166
78514
17174
12404
74150
50523
15444
22288
26572
241327
100040944
102636324
671535
30957
77994
230761
654804
29861
66441
56489
73991
241447
74365
236266
381917
212517
68092
13982
50753
17698
67109
320508
630579
106931
83704
20618
22596
269713
67239
21856
27403
66435
74525
622320
52323
219181
70573
269536
257633
56077
56031
22092
338320
217845
67357
263803
57784
320080
11773
74199
319185
237107
106957
101118
71807
434863
210973
68721
238386
75104
14534
353172
26611
228765
214895
108812
12615
240038
235043
105171
105005
227399
13730
268395
71538
68758
225348
68291
28295
672763
66354
22230
20822
16997
15275
73246
216974
67391
11498
14701
93709
16391
76559
216198
215303
28250
71962
78586
19346
386463
213603
68393
94179
77940
621156
16438
30050
14430
223267
114301
216131
52710
70093
56857
75965
56526
100042178
28042
140743
22256
70373
243846
66664
98682
13197
210356
213393
109332
13806
192976
271849
69430
70771
213081
212281
12159
231871
219103
228413
29806
77779
13138
192174
14863
74480
224703
214764
58198
69082
13666
224624
21355
107094
434232
67803
20612
494468
237759
15939
13340
239319
58804
16210
76824
107829
13434
66471
213119
226841
223752
20222
15248
381148
108655
69634
268291
30932
269959
243834
66570
214855
13392
210711
71941
664968
75422
21681
103737
11800
73473
52535
73728
27078
69097
20624
234582
20203
212733
65112
58800
56407
338349
30058
19255
71409
30937
69697
66892
107373
73737
24100
78619
269400
18008
210719
18099
67006
77644
12611
100317
16973
102639808
99889
20420
270066
99412
100855
118027462
73668
68948
67472
74125
76303
108151
11973
12757
217031
107702
15353
106672
73162
235907
230088
75659
108168397
94091
66180
319901
208111
18675
16534
224092
20379
67501
107477
67134
228714
20965
16412
232174
241547
67664
116748
14368
69871
15039
245007
23934
109212
71206
81601
103406
68992
80904
207474
72357
99887
723853
80286
19324
211949
69161
108811
269608
58250
216846
668158
11502
387609
100504263
80283
103236
547253
243362
50785
67229
100504267
74168
15213
668923
218989
329002
74245
100041194
94093
14260
101056138
19386
19070
71974
67345
110198
56419
72898
56354
102635522
105244384
83675
224902
241624
76792
245240
57912
74268
218734
20448
19041
69035
20652
240328
235504
235048
74895
11491
114716
68966
102182
27223
17171
232816
74338
29815
73998
15528
19218
102633437
224705
67087
12841
320827
26363
66875
69178
108937
216134
245537
218865
353208
13614
107656
67705
30785
229603
54394
74764
106878
268420
209683
192663
433926
12879
214552
60345
12862
218975
19712
56187
67073
94214
23939
66994
59044
240753
20133
77717
54357
24109
26396
84585
21937
70152
22658
383103
268709
67064
12631
68598
68323
234776
22258
13808
56693
52837
229363
102640772
67379
74018
60594
55935
67125
20182
66200
214384
14632
212139
67732
23849
26395
208922
12151
67681
56632
103554
74741
69120
20166
106618
17216
218973
70503
109270
320398
51810
107375
12223
68479
80743
100504464
67861
30947
22224
16865
76457
107568
54137
16168
12571
628147
81879
211006
23808
244867
58235
140488
56468
20402
76500
18642
11548
20198
71446
70450
20513
233987
57441
67504
17389
214498
240121
109284
70227
232969
104263
76768
102466817
68842
381413
78339
68857
15959
50926
18996
75495
109246
320678
20866
216197
67170
381580
22695
215335
217716
27045
70846
70045
12258
66757
73711
71750
56626
22704
69627
15107
231470
546071
94040
106766
72167
70012
240549
94181
16475
237940
71963
30805
15278
79196
67554
56421
278240
217331
192192
12567
211986
242838
18392
329679
68938
268515
545192
19356
11865
107587
67145
66594
21357
270672
55932
16869
72900
232539
67096
269037
22601
218820
19416
18140
69834
78246
76233
20726
22151
56846
338369
17711
13406
77200
18130
21952
208967
30877
50755
108154
56050
231712
68431
21753
16568
223499
68108
11670
78323
18627
68449
18674
17920
56363
21425
76960
319207
76338
67433
225164
108760
72508
14836
72238
239393
105246
18573
228602
71609
78787
71742
68214
66235
17938
101023
16774
13639
14159
53330
11593
233405
111970
66863
77744
56323
67767
67019
212114
21807
242620
75019
211914
18682
330319
114741
67998
21954
57915
66146
74244
100379146
22759
11534
66161
279499
245944
432479
100416706
13627
100033459
11596
73293
218832
242702
100038735
20970
14797
72805
68066
12835
74737
109929
269999
381411
56229
67198
319149
210135
320202
226977
109135
232878
319955
54151
17295
76892
94092
75458
100306953
29856
16506
29875
102638847
20042
66801
210094
80289
230775
12294
84652
216443
209032
105278
21413
211378
22428
17096
170763
72068
321003
676527
11632
66233
29813
259302
102633156
77891
73739
75424
11518
21780
101700
269397
67276
66834
15953
213006
209601
11908
107035
68427
106894
213121
211666
59022
13430
66601
68729
56715
100233175
217232
100038627
67657
77117
71481
68988
101497
330427
18186
18971
209018
245596
68730
212514
381204
20741
27215
93885
20641
50884
54392
13347
380773
16504
320226
67608
218544
56491
59047
100515
14950
71517
15571
333883
231915
78581
56214
15331
66407
72309
72552
329056
229615
16773
75398
16419
73137
15458
208820
66700
52477
224860
18245
18933
230872
227624
13555
21408
83396
320299
78618
22590
70383
70103
224613
22192
232976
100503659
70612
19270
109889
14678
22700
229709
236690
75665
74183
66880
22770
18826
75291
547109
245631
319556
11733
17869
230514
72807
12589
52023
72745
229096
67900
26374
108013
13200
240041
69277
72400
14894
72446
72029
17240
21987
434484
70549
67030
227612
234865
12181
125480935
574519
231151
228866
15117
14132
52588
16578
79456
72999
116940
70796
66538
71159
81910
231464
19231
72826
66384
56409
637776
26379
115489547
14226
207259
102791
328801
232664
68294
14628
68016
240064
319178
100101806
100040617
217069
99382
70465
223691
13179
217698
50768
56433
20850
381633
330286
74136
194590
67749
242377
104015
13356
73582
319182
223696
50529
24017
320560
229543
72128
67717
546336
14758
68140
225861
407785
72611
666806
76167
108686
668880
79362
194655
18813
81909
100861870
74351
93838
226844
242646
19342
50798
71819
329828
74252
225523
240084
59005
20918
68636
14105
18516
216292
83679
76804
66911
11937
27368
109552
215690
53600
14468
216438
230767
77110
17083
329064
69227
18074
68038
74359
14423
11909
244373
233908
21411
12428
15193
68153
12402
109145
16649
72355
18477
234358
107995
100043489
382066
72399
17922
59028
12616
19345
75425
58523
72514
14725
19752
12752
56277
15451
22643
73284
65964
67666
71837
14221
19220
15982
78428
75616
107684
209334
77866
269113
14561
18700
20429
11964
54711
20907
14067
72084
16923
19650
66859
66528
227099
59046
54138
192986
55981
408062
99334
66158
71834
18719
50771
27222
12512
225608
13663
268721
100039060
18648
56642
71435
18587
665119
27418
118568354
