20525
17988
50527
228026
15277
11639
71145
217837
14751
12683
18641
74185
56421
239405
69550
18451
112405
17859
12176
20893
56338
230379
12491
12825
216961
19242
14936
74142
52331
17294
14433
21858
14314
18822
21824
93960
74747
72157
107221
219151
216558
59027
16000
112407
16011
18655
18787
23967
433182
21991
73205
11910
19683
70186
54598
71361
330814
67884
12583
26968
30049
19128
18452
18712
21817
69581
69573
12215
27273
104158
104776
15370
18746
22339
15526
18576
72017
17872
20315
21922
67896
100494
16828
14283
56295
319996
12974
12111
11429
23876
170676
102657
12153
20583
228775
20775
226041
20319
224093
237858
17534
20750
237928
12159
231440
98733
74205
226849
21416
234564
171210
13849
71946
17347
433938
12452
17390
268420
56055
67608
70445
20341
12908
13107
212448
53313
70045
11674
117606
18569
100503895
231225
12795
21835
67916
97212
19225
17385
20723
230815
13197
12552
94280
23917
20501
235135
17387
17319
16819
18648
16476
13198
235130
11931
17748
13717
17133
76238
72043
68428
104263
18208
223739
13429
244867
68682
21892
66092
54519
68118
433456
98496
211401
12227
69847
78339
68481
225875
16527
18074
72999
232313
12268
80880
50908
67003
14230
16854
193796
105171
17850
67451
227197
23892
19294
217340
244654
93732
209212
277154
20744
14874
20692
13106
21881
16009
14958
18407
16323
22042
107515
18032
213484
68487
654824
231070
210622
56336
270210
20250
70380
54377
235674
15399
15200
20621
76893
19252
109222
14366
12039
50706
20682
16949
17189
228677
232370
21825
14362
15234
240672
12291
19088
74901
209773
20620
72590
19221
76187
21815
12177
66873
229595
17122
225579
21813
109108
17263
12865
14165
12226
270685
56332
19305
19288
13039
18604
18764
20280
66515
11520
56320
83436
72124
108075
13591
74182
66945
20249
20911
13806
22235
12575
11370
20393
57436
20564
13171
13841
20410
13385
99929
53614
230125
19672
52666
494448
218215
67819
26395
103172
20667
21802
242608
74155
21453
71721
50909
268709
20229
22375
21985
216856
50524
19885
19261
26427
227095
117167
71436
24131
620695
16007
67442
11881
69993
21814
104816
73182
52430
270192
12389
26421
16500
26457
381339
230103
78560
29858
17132
20324
12931
20528
68119
13078
107817
50875
17246
99326
244416
83669
14645
68203
20377
14085
21886
330450
12038
66854
13405
68525
27528
13846
76650
23794
15937
386463
80290
13358
83945
13617
78920
15929
94227
67512
16443
66168
12305
22213
381269
16987
52665
75029
17118
26889
234407
30878
13179
237175
107652
18405
18484
17532
73068
15519
98970
22403
66834
76614
110265
14859
27055
239273
252838
16956
20719
233489
15364
11947
66573
665622
56209
11732
639281
67847
21973
18542
52118
59049
11928
18595
74105
14219
72585
11364
56752
53881
13845
12831
57264
13865
56348
15982
212442
52187
11997
14933
16764
66885
72479
22359
448987
231086
77037
69574
12896
70381
75423
16449
14789
76130
235461
140500
20916
17755
68024
23965
13874
65945
14733
69046
110213
71982
230775
68267
14561
11606
22027
231997
18412
11430
14013
70359
225341
170768
12364
71111
18514
52635
14726
12725
14451
237759
216565
73181
18616
80904
114774
14456
54667
216363
22158
56741
11864
63954
231207
58809
217124
218877
56045
67460
29864
69538
67149
52377
12036
67134
19298
171463
20613
14245
23943
105513
60525
14651
81877
268880
56454
22321
69539
102693
70686
67452
216831
237353
66234
234595
27999
59056
70673
98170
76282
67996
59036
70796
56401
20969
83429
14043
11363
14187
19735
329739
216197
110208
76477
70335
76686
14862
17772
56461
18162
80859
233332
19099
192193
239447
18709
83396
18218
73230
15211
76073
280411
21415
14184
20312
21873
68800
18596
20481
239554
56312
74760
80837
110606
76453
269855
72349
100213
208647
52668
241520
67914
108097
13866
225898
129135233
269401
30945
64058
12353
11815
320685
384071
67155
14732
13382
22259
224697
51793
107146
67636
53599
68728
70266
71449
22229
68520
73218
217366
69675
195434
97440
18212
74777
20351
56384
19283
21929
17388
53415
235587
76933
217869
320398
69634
67895
11658
11770
70355
75751
20623
12395
242785
67528
12864
17536
140579
56693
16319
226499
18626
53418
75909
15488
15483
80885
69597
66548
14119
52231
52014
64074
268739
22228
18597
13555
110006
16456
72108
227731
11758
53328
104009
12282
11722
57265
230793
21938
71461
24088
13063
333654
12359
210544
18030
230101
319158
17313
66060
235559
216188
66841
30944
107227
170718
105242657
75612
71566
76500
114663
72709
209497
73166
67374
56706
11529
71207
58909
30928
12406
20193
100273
59092
70769
207181
74241
108899
12531
17217
11717
11565
67800
239114
13121
211652
246049
19052
13844
21833
12558
20320
52808
80911
102638002
23881
64144
218952
13653
269788
105245
20204
67426
77300
64933
16922
230027
17454
12890
19662
96875
23921
14571
117198
268567
70021
232431
64294
12293
17965
210094
69386
94089
12457
195209
269233
13043
226040
66082
217830
66711
14137
229534
56360
12927
14534
77976
20425
13805
229279
56636
14311
279499
218194
80708
13177
71648
18049
20444
18811
27801
75747
17159
56705
216725
268970
66522
93706
76854
225870
218820
109245
26357
67667
12257
58859
66848
50708
66940
13371
64540
108737
19116
60599
218454
18196
66412
21753
213393
16796
108767
18969
14457
239606
104111
319757
16779
245886
223665
21827
80884
56473
16801
246221
621603
72475
246707
66695
268977
66350
270166
75691
229589
215951
11946
230738
67861
78330
12499
277396
26563
18803
56215
20480
74761
68480
69772
77219
89867
257633
16177
235283
224829
22724
13593
66218
16549
69113
66847
22710
72050
107373
319184
213989
238330
94275
109674
213673
13836
66889
102639573
234309
66129
14469
269831
16889
15939
216233
13731
226151
56524
56811
226414
20273
226751
67622
22658
15275
53412
20588
13631
93898
14387
12632
74229
226971
30806
53627
11555
17754
70465
76594
223697
71986
319181
67603
93880
68263
52563
59010
67130
116914
14205
66659
74442
269423
68015
78928
107503
11949
231413
54609
78267
213556
54375
264895
235339
76137
24069
433375
52468
22134
235442
240327
74782
109901
81840
17025
28000
22210
21429
20850
16978
51797
71093
13853
212090
12408
625249
20706
18753
13848
319655
67902
22122
74486
18295
227620
14538
105298
22779
17160
56722
245877
67680
12660
109129
245857
234582
12390
353204
210992
237926
78894
83486
14972
110173
63873
12915
75739
208285
93689
664994
76809
11669
68952
70561
53319
21452
13202
230082
229615
67738
26440
68646
11856
58875
28169
99586
11966
17135
22272
110391
107358
330627
20657
50790
243382
67739
18045
330836
171212
18406
14467
66979
17083
17130
72056
19142
72190
331623
18830
218232
107829
353172
93692
12856
13637
64817
22117
22021
320404
399558
22751
14284
83767
74287
16592
269529
93747
16404
66588
66961
21351
320415
19042
54403
240514
78908
103140
14678
83675
71745
16825
68304
22038
68653
17524
106522
233016
93840
140792
66887
70984
66898
227545
66871
72287
14739
381801
224024
23821
70420
171095
230587
71805
12453
12869
56470
66335
228608
74648
106585
30050
68861
74682
18194
13433
72462
18187
52696
20918
13006
16881
72780
71240
13629
231712
17120
18263
12874
98363
66142
106042
26878
22245
18647
68303
30938
12972
77305
110095
83701
140484
18984
100039239
29811
16728
58223
11655
14585
72713
11487
75234
667277
268935
13712
68778
208076
19122
110147
75613
380969
72135
218543
56535
12368
11537
50786
22418
246747
226075
108735
105727
20187
71978
20698
230908
99633
278097
215632
17449
110821
56050
68421
67213
78781
215474
76267
69035
67123
30940
245469
14200
71602
317677
76952
269959
22224
327900
435626
108079
326618
232086
19224
225791
56248
14633
319513
51798
225207
16890
223255
14468
16180
71881
59031
16907
22628
72787
20729
21423
319322
230996
68385
116939
216516
20014
13543
319582
57742
56218
629378
15212
72039
224860
28030
380785
78896
22634
110829
21849
52463
66427
17216
16859
18438
97541
72691
72754
242050
67834
66445
14708
100910
22200
72831
238871
12514
67416
11766
56298
227333
14115
13649
64339
23872
192156
19212
330260
16201
102103
67525
57444
18573
171504
18971
14873
71718
14964
13346
22762
224170
11861
110196
235623
19325
14621
20652
77889
74617
76954
104184
13350
66878
12334
213326
13669
57810
19684
14051
68016
102631912
14118
216805
72361
72269
56469
26611
170728
80888
20405
54673
71910
18639
20535
81896
72355
53602
97130
81910
78038
380629
72674
67694
19016
432442
99237
54611
27279
329735
100705
17713
223918
14470
74013
72000
22240
69170
68041
113868
21888
232371
52690
215201
16905
11475
17215
16579
71712
226169
56442
16800
211550
20342
27221
23986
73132
103742
12843
17219
66610
19340
218865
26562
107975
14057
319477
18584
57319
211623
56516
20709
94279
66822
56453
16367
235633
19092
83671
17218
53893
27277
24053
72543
18793
69719
19352
70676
70726
18483
228545
13088
19361
241556
208777
56175
71943
57296
109672
76219
66912
230837
27494
12053
12387
66091
70153
16673
15931
330319
20910
22248
217262
93687
269400
71673
22057
66180
15369
71532
235072
216150
14773
70435
66446
18572
18003
68576
668661
20773
75723
18642
12824
74558
67453
68852
56788
66859
66075
224090
70693
373864
18631
383295
105663
76123
71801
214579
71591
216344
20216
14682
78893
74168
28295
73569
12350
28018
13007
12445
72865
15481
73916
103968
227120
50927
544963
72948
108077
66687
16181
22253
320174
269224
17389
70257
19262
55944
18415
140481
277973
77717
54194
69745
26558
14373
68671
75690
67876
16190
56085
22411
70556
20222
546071
57423
319164
68559
74140
20815
66882
56615
338523
66047
14376
67978
21928
22346
360013
330790
13852
100040724
77739
14824
66493
12192
20842
109263
242362
19038
100503043
12315
53357
71939
319520
68349
70209
67073
67724
65098
14710
381338
226251
66397
18143
71934
20788
12833
17318
56078
216439
50935
217166
17237
78795
68801
73124
14381
75826
330812
20419
16784
55994
94187
11973
14461
209630
56613
17161
13860
50797
72018
212862
16169
27981
68108
11733
217331
231807
105732
14555
75695
12862
67273
71699
71085
11814
19155
105440
11839
12767
14453
18807
73316
26364
12349
16372
14194
217732
66993
52064
14828
59035
13830
68032
19703
55983
269639
79362
238722
244418
232430
100041273
104130
240057
14615
12628
21834
68693
276846
12759
108153
56095
100862375
75778
66375
11950
58804
14871
106326
16904
382014
109700
114249
103743
21847
102247
242297
22004
20181
77827
108167613
16330
106795
16576
56484
12283
103534
17701
193385
19073
15400
57441
66494
21413
51897
67078
107869
11522
58193
14211
242669
100037258
66455
19691
24017
52683
18220
13448
243083
26879
23942
52615
13056
16151
72472
20521
107734
14077
14886
16477
68537
12540
20409
20778
23945
100042856
14792
245638
30785
19891
12785
209039
216011
68066
224794
12857
17710
14299
67128
211798
212111
72133
72029
74136
11886
69894
98388
11568
16891
76976
21808
56219
20514
11504
259302
13497
81489
70762
55951
57342
15117
208715
11771
19732
16790
13527
67150
77559
78523
53598
227541
71872
12322
54409
18214
98956
18674
224705
320982
223453
11517
12952
94092
67016
74111
270058
235527
240888
21859
214552
12894
76900
380712
218977
15254
73713
230757
67117
78895
18392
244853
16403
139352146
27059
171543
57896
243510
382056
17022
22682
212307
57314
18201
19883
56299
52432
67464
76568
22154
11647
217707
226143
11746
109095
22715
20362
210029
270118
230673
434204
217430
67946
102334
13010
67647
13589
20317
16195
83398
79459
108086
319880
71041
100504116
27412
227154
68036
230866
15469
18574
73078
70503
223272
16430
66523
20352
215387
233071
67856
380660
68970
29877
64291
68585
20361
228869
381921
230857
209540
68659
17995
66528
14313
21877
100163
226154
66590
218989
17309
20509
170677
57376
68151
66540
78816
11512
78977
93737
21687
27260
19223
271457
50912
12834
73086
68420
20586
66302
234023
74335
98417
22333
74246
23792
228033
18081
17436
69674
100121
74035
23938
101497
11757
75416
17685
72119
407819
213539
12370
13665
27368
233813
215798
71834
641340
239555
18481
16543
23871
69106
320916
67302
11671
68567
66046
72141
19027
14745
59013
18846
72931
12876
320747
380967
14790
53310
67036
224903
228536
15460
85305
108664
17311
15365
20878
19285
445007
68441
68202
234515
11852
108927
69499
19346
17912
74349
28200
14857
56389
19055
16803
13175
237823
215418
71720
75599
14854
26556
13194
23918
226539
14870
16150
15507
329941
27426
102632
13595
27399
211151
68675
14977
234378
83965
21912
56451
12394
19300
27373
54405
83964
69957
16834
56032
68591
21380
66576
23934
217333
109154
21944
66845
15354
11677
13430
59126
170441
625018
170736
15216
18113
319965
12366
11841
14411
68259
19299
16427
381820
15439
16164
77644
319187
16425
77853
170829
13032
14569
232536
18717
19822
140559
77110
22036
215751
67091
224904
381045
67457
329795
20429
100042295
14163
77994
229524
17758
67163
56196
11835
23882
21841
12859
18590
104943
70967
223917
20448
18983
18606
72055
23994
329628
29857
243834
93761
69430
30941
68550
54722
20148
56748
107747
78887
18164
107765
66425
67154
63959
71709
14605
17300
72480
74239
18627
66510
73340
14465
68379
26926
20266
269695
76380
240334
387524
65970
227937
22704
18223
212999
407785
68299
19075
217887
225348
66277
235599
229663
22696
22337
70252
97487
23849
319352
244152
78244
13619
13018
22329
17279
234549
57028
13850
72151
12343
11600
56228
76178
104346
12868
192166
236930
12497
67943
56459
17921
212898
20810
66461
72615
12418
26362
74653
15006
52874
19348
57874
212326
15040
74568
26897
72776
75578
107513
18797
72981
100040682
66594
66052
72611
27361
14584
66153
56541
107702
64138
66694
235184
14201
21750
170753
102294
142688
17067
69065
233724
19025
52009
30877
107375
621156
76483
66978
19729
69071
18786
66108
68350
210789
69938
14235
236792
27419
67126
338365
75871
24056
225631
81703
269941
14991
12702
18105
637004
65106
67283
100978
50926
72469
68636
54616
100169
105348
210297
209737
320790
224045
66090
19046
72900
17117
66844
230099
56224
71517
80294
20356
11302
19125
11350
171580
18029
57267
75406
67623
13857
243912
93730
21677
107528
68117
211770
77832
16452
18100
67770
23989
22258
109254
103963
18293
12804
216877
12040
67486
76843
68644
237523
52915
58194
66892
216792
211612
13185
67454
76055
67279
18799
18791
108682
16407
15064
14528
103142
20017
58240
105387
14375
15516
94192
382985
231834
243914
22631
16551
22190
100710
102436
17380
30937
237868
75540
18033
74257
12866
234076
109331
17357
99681
270091
79196
74763
74868
244698
19356
73804
13169
13170
52123
68342
68968
269823
75316
20937
13014
93697
213945
17423
269582
26447
67669
21974
109169
16948
329777
19243
20650
18475
72147
234677
66404
269878
11636
26433
26450
75007
72065
330286
56428
12041
11799
75292
18436
19719
67530
11988
11975
75404
52686
18286
170719
52592
12321
268291
268564
17955
20130
13713
121022
22227
28075
22350
100042880
56632
66970
56322
75687
319942
21961
83768
66586
30059
67726
24060
17992
237877
17448
171170
68092
68948
71968
50781
224143
66087
17183
18828
83679
26373
74032
13356
11486
245880
234593
66495
72136
383103
11740
381979
22688
20776
226744
56434
20743
70456
18028
67397
70227
19139
232023
433904
12567
18140
404634
74919
17711
17709
76959
78248
216148
108147
13998
20111
14688
270086
77519
74610
68014
50762
22427
13650
71970
80748
12428
12317
16795
72658
77113
69232
71670
107995
100855
54371
14169
70717
109900
20603
67434
54601
66065
11761
26939
28199
17993
404710
24136
19401
20333
71985
12861
57750
103988
107094
19414
12043
319236
50492
52575
434130
14634
21781
17537
66629
19704
27402
74427
217203
69104
19652
18750
20887
338320
73822
30934
78070
75600
76788
59008
239570
330267
75767
74511
20563
227656
338371
56873
76293
74322
228765
17698
227801
14369
68953
12266
15983
69274
242819
18858
50793
20353
68977
26422
207565
54130
665596
78653
67976
107260
12409
14239
12812
23807
93757
216848
79555
77446
217265
27967
234421
15201
236794
18634
54324
21400
27081
16880
12799
56399
98985
54392
74126
18744
109929
22750
224703
20482
66469
26992
77034
17999
246104
98402
53382
226791
229937
70750
13726
236539
13367
70310
72640
74316
11409
239017
110749
21354
74522
229285
68197
20637
234854
111828493
214642
232164
216440
233210
80752
231986
93674
100042498
67043
213119
68292
13557
54160
16157
17873
109246
19229
192734
15452
69773
56376
17193
76784
330192
110253
73724
69656
50760
209683
12534
11798
11792
319982
72046
23886
110052
103836
68212
103468
99010
21975
18432
93806
12055
20472
67101
107986
320204
21681
14026
20463
66934
21854
67448
102639802
18612
18476
29812
72315
192657
70082
72114
433813
108960
17191
93888
223254
381284
242509
13200
26909
66435
20677
74365
231803
20833
217653
66459
27965
19165
12832
54636
26462
66272
27053
224008
319371
69863
20972
68612
17975
66152
108911
66503
70466
327762
16653
14709
319554
67465
65963
20135
102339
14296
319634
65112
56526
13640
234663
353187
26934
67824
228357
18578
54411
19362
22271
72429
60595
381413
12314
333789
55935
26379
52250
17427
63955
66985
107831
330409
331474
20656
66352
14809
105244384
53970
225887
19682
104112
22619
70361
233876
214424
60534
379043
56812
19654
110033
320024
27029
67388
20350
66179
54127
68943
76365
60364
110323
56724
59287
108160
73680
170459
319638
236915
30046
17150
18973
72129
66253
244548
66917
73095
17764
106759
26358
67871
13612
67839
214901
76491
20913
69976
59090
70564
109905
14841
67458
71914
98376
67472
229776
216616
108760
108083
68053
19339
140570
228564
217026
217371
56357
16412
320595
13436
23999
100198
50876
170643
320720
58233
16765
20624
216869
17936
208638
108148
16348
12393
19153
110920
11737
19744
212285
59093
239463
22221
71998
102465959
71743
53867
20668
69955
58911
244058
26465
26569
54608
80749
20227
66043
234740
16782
18796
12325
338521
70925
68241
326622
22275
71238
20707
223881
16974
11857
353310
56422
269608
70779
65247
13030
27376
12064
12021
76482
56047
110854
22320
97998
67171
70207
12916
14275
72722
13167
54633
69129
17127
74476
56489
18124
224907
27883
320923
381236
67389
245269
213649
68510
224647
21356
320452
27219
209032
53761
58178
52717
244879
19731
18605
11992
217715
16848
225027
52521
381203
228876
12091
382090
66994
272589
20917
229211
67842
68499
69807
215114
208228
60406
68964
68021
13992
64898
11911
67887
21924
108099
13641
235293
66488
230075
67619
109658
67326
414758
72560
213827
93691
50490
20196
20947
243931
381314
209027
228836
15357
70024
57741
58245
13642
15108
329470
66433
72179
319179
14894
236790
66098
16897
17268
213436
24070
19302
13858
17116
68777
18708
227619
272396
207212
100039957
68095
16651
218885
67015
109113
94185
27979
78323
14911
17708
72621
225363
52033
11787
26944
18554
22344
16328
64384
58235
74122
66857
104401
235472
14797
68767
104383
246198
319945
19364
56364
94061
13690
57330
244891
11804
621976
269717
57753
654803
20286
17535
64095
16971
74117
231214
19089
100952
19177
68603
12530
231889
11772
252966
23966
26951
64833
18633
67017
80385
71365
13655
245007
56749
20442
106633
103406
17164
231549
16478
21844
54124
66131
57339
55936
16571
97387
56347
101095
14228
67474
109006
107849
110960
20907
234967
93696
224824
77733
328971
12224
107271
217216
71790
17984
76485
19349
70008
233865
226352
57377
17283
16391
12484
75062
14632
229007
67938
66681
319468
74762
71878
17082
20166
333639
232491
67338
67111
21678
214601
14004
19210
73158
19730
78668
22404
21767
72103
16664
18186
13804
72701
107566
66200
67099
75480
75736
56398
22174
208146
11840
72720
71675
70439
93704
14266
56506
18133
216152
217536
57259
52713
80860
225908
268721
67019
211548
105244208
242523
433766
21807
14827
114679
14270
13120
52815
78891
20931
233887
103511
67203
72416
108673
27387
19791
19255
75273
22095
16969
110058
56742
114874
60507
68925
57443
16780
224022
226144
77006
13664
66922
73737
66264
56294
18073
21915
72562
114128
14450
171531
217069
78779
231532
67293
78373
59054
70083
72749
215708
15473
320924
78658
71452
215280
78514
15270
55984
52538
52502
22325
14062
12223
14390
20479
74106
14548
12950
66117
194590
56456
109270
241075
12475
56544
12444
105239
16194
212153
260409
29816
72322
20276
69190
22594
22142
75593
77422
96979
53416
69101
58988
24052
76916
18636
53312
240660
231858
20710
52398
224691
15902
329065
80976
214048
20226
15926
224044
103425
16206
15530
214763
224656
239337
102607
71833
213582
320394
100201
20846
81500
66971
68176
60530
407800
230233
22436
319387
216987
14600
11877
14218
238317
20460
16842
21763
11640
242584
14788
216198
232449
80986
105351
69387
12476
18146
72735
13685
320466
240055
320256
27041
230073
98396
234463
69367
56452
319845
19727
20877
338359
66237
269723
56012
18710
70544
235661
226777
20971
51799
19035
791415
100504421
56690
16582
69660
68554
11433
245695
93734
242202
66388
68642
11519
72649
19060
194268
66377
66290
67270
50907
50794
69784
19272
207375
270110
230126
231670
66904
76524
21769
11637
69577
50721
27204
14388
15229
101943
100503849
52637
104444
320209
208177
54367
237542
11853
70423
67291
54391
67109
17113
72344
74597
237436
83602
225187
53421
24068
319901
280408
72137
432486
66867
14066
240913
28019
59069
53375
56715
68262
228960
71988
15375
170737
13602
320873
72171
20220
84113
227697
102747
271127
68393
228889
320742
230991
15118
93708
232174
20965
11754
236690
233406
14869
353502
79565
69737
23908
71228
66094
14087
52700
100038735
242594
268354
235041
19896
66146
66204
125179616
211323
77116
12747
76877
230674
71751
73451
212514
69379
18571
216131
19895
75424
18174
14183
17250
27966
104418
64450
214968
78388
68165
229782
320092
70701
236573
142682
319486
50917
17181
20562
77056
53610
14009
245474
18521
110385
21685
434436
74769
238130
108909
100503468
71132
64103
252967
14463
66241
66144
56771
93695
626802
23984
76612
12846
29875
69305
74195
83704
214239
68396
66625
382207
635702
66401
244653
18007
230770
69228
72325
12421
14664
103841
230752
79464
106564
225861
234094
26554
13478
229599
21853
269053
74356
52639
71820
66830
329659
212377
73458
53424
21976
230500
74626
22230
235431
66442
15499
28040
223499
27061
108167447
53334
74478
66460
235497
71679
66423
66855
16332
15936
240427
70432
207278
13211
270198
12122
11797
13885
18949
230145
140740
11468
66379
66570
68153
52028
233902
56321
19817
12490
94223
76824
14229
18128
97884
19056
235043
235086
27354
66369
330662
12695
106794
94242
80718
102866
226646
69601
233805
93790
76792
123956256
66866
110198
12450
240328
80886
12822
320080
93885
235584
19108
320609
17210
319839
75785
240095
232878
102638614
208967
208211
21923
74137
229949
545539
20128
217337
54139
67629
213211
58799
225372
71472
12737
11307
208449
17475
67379
22368
434437
18107
18195
235323
14661
68083
104885
16997
14573
17876
108000
110460
56217
233899
94221
240641
11987
217325
74051
100383
546134
20382
381293
56200
27374
52513
66660
14758
70350
434624
74347
20440
56220
330914
66680
14083
56358
76740
110962
114142
269033
101437
269642
333433
236920
68192
18518
625167
22185
68521
100043272
70605
56403
213053
18414
67044
70099
21788
72549
66257
68044
18023
67702
17187
74201
100336
15979
12724
71949
73744
19357
229474
107568
216820
66084
74552
245527
66861
13803
68166
101314
69572
19712
71876
19671
56274
66111
72183
101966
66151
64656
19718
192656
213573
18970
26406
14178
29870
107701
69470
21856
14221
18041
76014
231915
11974
192970
13347
20020
474332
114565
116748
72170
595136
69806
67851
319899
94091
109267
269209
236285
18294
70472
12236
77254
14950
20397
268396
268512
330173
13607
19179
24082
18645
20841
72121
18222
73998
217664
18511
66230
14609
54678
12464
21940
12417
56277
233871
68328
110842
68106
15273
238673
15368
