231070
74147
57875
12686
20249
232370
71361
237858
12349
246049
12908
235674
117167
12350
19683
14555
17387
230379
57264
621603
237928
21835
226849
17294
20720
22228
30049
104776
16891
17347
70984
12683
69574
217837
12583
16011
23917
97212
212448
230157
20528
16527
13360
234564
15277
76282
69938
232493
239017
18187
22368
52665
21817
239447
14874
12491
11429
17436
14645
20501
50527
56454
13107
74185
231225
66427
76933
20377
64292
16987
68481
104158
16956
77037
237926
381339
96875
78920
52331
12795
67260
17390
14373
11370
14933
21858
23876
22259
100705
67426
108075
11302
11520
11928
54208
66854
269275
15488
235339
14314
58805
231440
12759
27273
18576
26357
67451
228026
67800
106042
268860
13717
14115
53412
66881
20324
13479
14311
66548
26878
97998
20514
53867
20148
16854
18604
73205
66307
68119
17159
240725
23921
19128
68118
110208
76187
12359
14381
57279
114774
21881
67442
26949
22245
50706
268301
239405
102632
69590
28169
67088
18542
224093
85308
171210
103968
16403
18133
56348
12974
11639
69151
223697
67460
15526
12389
70153
11655
12266
14705
116939
20692
18639
19025
23892
57742
66868
11910
74205
75735
26968
12499
19305
27355
70564
13850
67283
381203
20564
72754
18534
94185
235283
13198
270166
11430
14792
244152
22117
20657
107747
16009
66277
13350
12876
102857
11364
270151
14828
11931
227620
19252
20193
14245
68614
18830
319942
19885
16449
19703
216961
320024
53415
229534
110173
70750
373864
69538
74617
319996
14712
12896
280411
227095
21416
217707
20621
68682
14609
63954
244723
108078
83379
18194
67512
217340
239570
68952
19017
56506
16890
67469
13617
12418
230125
68603
109245
69386
17181
68385
13175
116847
11636
20677
18104
74901
109254
73569
26358
54409
22095
433456
19288
13809
228775
264895
56473
56535
14456
223917
50786
69597
20362
71670
76306
67041
15951
12176
56384
67003
268977
14719
16828
27359
231086
71881
15483
77422
11832
18641
26432
52064
53422
226090
23967
228677
108089
22401
67528
52668
66945
14081
75612
53313
18631
216831
58809
219151
70296
22158
15979
328967
67389
384009
433938
12825
66841
14751
234595
18451
330171
73102
235599
18569
15275
20250
209773
320840
18984
18484
105501
13358
28200
22359
66873
72157
74229
24053
223693
17388
11803
109019
20682
67468
76137
20583
22375
16832
72759
18669
102639573
57259
80880
17203
11761
16010
12111
246221
19735
79202
12305
53357
75646
12036
216616
67374
225791
19229
171531
224014
71145
245847
12039
118453
17984
13121
11568
73458
53608
74511
22042
12040
227731
16402
53599
211401
319924
208177
67893
15211
68428
110095
18406
70335
217732
109624
77569
210544
11722
56320
68659
110460
12268
67819
22004
215951
72585
17775
280408
76893
13805
11861
12189
26558
74682
21802
11363
20787
224530
93732
230027
239463
213945
217869
239273
17708
19294
22350
19299
435626
319622
14085
226971
100503895
27219
109222
223739
17252
56085
170728
232313
16949
14375
110213
13030
56690
17133
229589
227697
56336
17534
330814
100039239
73822
14362
69847
58909
16673
78894
225875
14205
71310
94280
66148
11647
56072
98170
382051
99326
18606
104112
11881
14571
22057
381314
20775
106572
15929
67573
72948
105387
19672
107146
110196
29876
52696
243270
18933
171463
77059
20280
12552
83961
22021
69539
232087
52014
17691
73699
20444
269233
103988
18712
23970
52538
16952
208715
114249
77976
22027
18405
53860
13346
72479
70561
233805
56431
14718
27376
18709
12406
17161
19027
14667
26401
14453
19125
19261
56742
53619
11835
98660
97440
20969
270210
235135
52430
20778
67834
236794
71801
227197
20351
13807
63953
226041
218877
67452
212862
17160
18807
11745
68041
74142
224090
13730
216439
71994
15364
16948
226518
74760
12934
18514
83768
22235
22762
12628
211770
13589
54598
12737
67155
227700
19364
13024
18858
17850
209212
69071
16404
21961
67739
11770
66205
245050
319520
381269
68861
13171
12390
12457
22248
66853
11946
59038
386463
19736
13860
14313
14733
217517
12519
11669
56636
230119
68267
50790
18742
72017
12321
211652
13593
56524
15235
235435
50909
19730
15212
106585
319554
226744
319880
225341
67809
73166
110595
20613
18764
212442
277154
21807
23945
78560
78977
20723
353156
245880
17313
236792
23794
69861
15519
83945
11981
17112
94227
214642
102657
14789
13591
18747
27260
56752
269717
83814
14366
56213
100201
192156
216805
108927
20410
105787
106326
11674
18616
71946
73338
110854
52635
26440
66586
226841
26408
72333
22142
15926
259300
246154
66929
104885
27494
77889
11732
217124
53881
21351
12836
233489
16840
14463
70380
67963
12331
433022
67484
17025
73068
27528
320916
106869
13822
69675
14230
30935
56175
110006
13846
16443
69190
78339
70417
66616
74122
29858
58875
230815
382014
270192
56468
14732
71602
69068
16784
12831
75695
19876
319757
67636
77697
18032
68520
20667
12450
13106
14184
12815
71683
60525
243219
234593
12865
20350
65970
243382
381511
18208
245527
20315
105727
23881
77739
268880
54667
51897
235461
11565
207181
18442
14726
20525
434510
19088
93960
26563
14999
12153
99011
16819
12843
20183
12159
71853
71111
13841
15902
215210
15412
13992
14561
13664
24069
236920
19895
12814
20916
66469
83669
78749
13800
216152
12832
22213
23999
56613
56422
56322
18491
22411
24108
381308
23792
240753
76952
68151
77827
105244392
74316
11484
66822
104943
71093
22352
70495
24070
74241
20498
74777
381236
18481
20348
224697
67247
67453
79201
230757
22433
21833
74140
16169
20563
12364
71566
68585
113868
26373
494448
67455
67149
71648
231549
11555
20779
16582
78038
11529
77644
12822
11988
11492
14595
17001
14164
20341
30806
73086
214424
74183
74287
269951
21354
59027
66082
24051
103140
15354
233724
218885
109050
72026
67608
71772
13382
14182
20308
67622
16579
72043
14178
94187
19298
12558
94249
320982
66234
320415
12819
27419
68792
67326
22253
216197
56045
68304
23986
15395
83429
22134
14299
22403
56055
27049
69674
66092
226101
269529
19122
76686
270118
16783
66084
13595
13010
229517
53885
93747
68178
13043
14104
110265
69663
70599
15944
80837
72129
17758
16592
192193
380713
56298
99929
18160
15399
72361
18584
12226
14630
78830
18407
242705
66610
117160
12490
66612
72568
69976
53893
21922
192185
58233
17939
14199
20965
18212
76219
18082
68371
22229
13177
12977
21813
56332
17532
50780
268567
620695
65945
228859
66940
170768
623661
13078
102626
217935
79464
71461
72124
66573
26943
69568
319638
55936
52829
20216
20480
11815
15108
100604
74246
19116
237523
69617
102693
74610
381924
75007
97487
14013
236733
218232
67896
240888
269788
20725
16889
68652
14469
109129
26360
21892
11450
245857
22340
64899
12125
22063
227154
396184
13543
56709
384071
353170
20481
17117
17082
21928
17130
26926
381217
15490
319196
66904
67851
16475
56726
83679
192236
246747
14936
19272
14605
54324
74105
18754
243912
223601
216725
70420
18143
108735
57436
109754
64294
224129
17132
18803
11739
192970
67525
20320
21844
54375
14739
20440
109294
58193
12955
27801
16780
102580
67154
70556
12035
11886
11637
74551
19157
14137
12890
20336
50766
21763
70686
19303
30928
227333
72709
329739
74335
231834
218630
68653
19240
12387
140579
72446
14594
17754
102098
107221
56442
20524
28030
106957
12395
230103
241452
20502
12724
20317
239555
66270
68349
20322
114601
329065
73132
118451
110842
71452
56516
51789
67895
14283
246277
14466
12576
19283
140481
211323
77622
13476
268739
68015
12393
14747
12870
12257
11600
17716
68671
64297
71982
66865
67946
51793
20321
19300
19262
195434
50875
52690
17706
66350
664883
319965
208117
20416
93687
232086
76130
13169
11947
66645
14865
20652
64933
66330
330627
66065
319710
20347
67526
171504
52187
433801
76500
13110
12443
18791
71720
53614
84036
13642
228836
105352
70676
66711
59092
18633
20650
17174
625249
74761
54411
84004
235130
16764
98733
209027
242362
19340
11459
16201
217149
382075
80290
72190
12544
77300
73340
110606
216049
20130
105171
217887
14183
21788
27206
110078
107227
55994
65098
93898
100503518
217203
15507
64138
27402
276846
56401
110821
79196
14615
13602
219158
17260
242642
72674
67856
16412
71240
244654
435337
14871
171212
235072
59033
223658
59069
67039
20200
19042
72179
319801
210622
12070
16367
57738
237400
71743
319839
100039042
69129
234094
320790
98238
231855
17183
72560
18220
69581
67880
27225
67725
100608
14165
50524
215751
235527
68778
18174
208228
18551
212980
71767
15901
67168
21353
110829
104184
72123
71778
17705
97064
104718
69387
129135233
66878
136856708
71729
112405
228966
26562
27055
21834
13650
18799
17713
56533
22110
56788
208691
330863
192166
17169
16950
17318
11838
68114
56273
320184
106389
269295
16825
11857
105298
78286
56794
226691
72108
53623
70310
17392
22793
233813
72615
67694
16835
53418
13032
66889
14708
56174
17386
83767
18571
226075
171095
16969
66887
107515
75687
70356
29864
73368
17536
70456
237175
230837
19267
217708
11883
68724
231510
18162
19084
94192
77552
20910
66461
67458
66454
665113
67887
330409
17769
56218
75758
19099
56312
71910
14077
14958
54519
71745
18634
18412
73713
230784
66979
24052
27279
97130
229595
259302
19671
12454
12038
98388
432442
22325
108153
93840
215632
236899
18293
54561
212307
66912
210992
233332
320472
68203
22377
108167447
22367
108954
72050
108903
211623
67951
12122
16897
81896
117600
14261
319625
245877
11535
11744
80884
24001
17200
27387
53376
106564
245886
58859
12091
192231
12894
26921
217737
209558
383619
66488
18010
22234
232227
241520
215494
383295
66445
12834
18146
213056
73419
70355
67213
74349
72290
234740
67448
641340
14433
213673
353172
73736
319322
67623
208647
56209
12297
216190
211798
107975
11852
98496
241943
78514
53945
18108
170718
20947
235041
20196
52065
69470
18117
242669
56700
71709
18131
16172
76453
68859
17872
14151
58911
72634
56398
224824
226123
245670
72865
380969
13619
54609
18574
30944
232174
60595
56449
22339
68800
18033
381199
100041677
217692
216148
73182
83398
19165
81500
75552
233016
211550
14629
66060
18553
11569
53959
16410
71591
278097
13629
107869
67477
20887
269941
72349
212919
226255
58240
22724
21933
71914
13858
17357
71712
13542
72401
21838
55963
14651
67005
11757
269642
218756
399603
12013
268970
67412
16656
110391
20266
233890
112407
93674
66552
76044
71986
12452
13185
83924
75029
76499
13845
72355
53417
11772
21386
107605
20352
18034
408057
52398
52466
68083
72630
66861
77519
98985
94219
71059
21938
244329
68895
54486
108911
22154
100033459
319901
102339
11814
100042480
12916
192678
227325
217666
108958
78248
22772
20471
235345
70358
282619
68867
226777
80888
17955
18597
234734
19164
225849
19646
66847
66626
11605
50709
233335
320923
13857
407819
22628
66420
20521
20384
268930
109331
225631
238323
104215
223453
170643
70316
235505
19317
244198
11606
13688
17527
67839
22436
21803
70207
228866
245269
16000
387524
27277
78928
70717
14468
22381
235040
192657
26879
72640
210853
67590
66366
60441
16796
72931
223455
67647
12856
64296
56741
17475
20509
54153
66968
26569
56358
67884
217258
230752
52710
192654
69641
76969
50887
12824
11652
15000
70101
338350
22632
171580
13063
14284
432530
319670
223254
20660
23807
239114
216156
54636
94044
327655
12567
71721
170439
319945
20361
14633
76612
213417
17300
56496
18767
242608
72472
69368
223722
18789
192734
235587
228869
16480
19246
66523
69662
66775
320398
213233
228536
70370
21814
12804
14119
26922
13194
23853
70359
212285
214791
102639802
236900
14809
22240
74192
20411
22256
69993
114584
21929
68497
234076
215798
29811
16572
104027
14387
76784
12580
100502829
16570
22230
11864
17717
142980
11522
12611
226040
20535
70237
384619
68053
244668
51798
66871
20817
57274
69046
72039
667277
16905
68777
230514
140484
654824
239393
380629
20744
13496
11433
18030
56220
229949
110639
96979
64209
14247
230991
319876
66890
56375
75221
11766
19223
23966
12751
68032
209086
320924
629378
64143
225913
93692
66146
21753
231147
68977
19387
56216
23939
19056
75553
75691
230793
12512
329702
216505
226352
27054
11409
224647
57441
66839
380712
76156
320100
59013
103743
13367
76123
71939
69852
19344
214505
17909
66934
13614
170441
72135
17714
11804
11854
14066
68525
68241
107358
78795
353258
252838
50791
140570
108909
73046
17709
60527
277010
229731
214345
320747
14544
20768
11491
231830
20273
15511
26897
52857
613262
320878
433520
216157
56470
20610
68628
68875
11677
74013
121811722
214305
216565
66412
27061
71704
353204
70155
20747
78523
20893
12010
103172
56520
19401
76650
329777
75927
18746
27015
54673
320827
269209
223665
16177
234309
15278
12048
246782
319478
12193
26462
233079
14451
24066
54637
14786
71436
12332
16859
320404
11609
14187
18563
16391
50907
67302
52055
260315
69573
20448
414758
20442
52469
12283
12315
11771
20203
17314
234797
30877
26931
74754
71774
230673
227120
67914
264134
67416
320508
26399
64144
381059
12337
68465
50876
230073
328133
19712
14026
15064
109700
57265
11853
225998
76594
230587
239217
215748
76614
15368
19684
72033
114715
70605
16330
102638614
230868
231413
77219
237107
13866
109108
244853
67236
55951
230709
545471
68646
15516
16157
66687
212996
52432
14991
226778
13803
52685
114663
28000
64540
100041194
12053
212090
17768
11836
121022
56219
58235
67978
20603
21413
16651
70127
12643
104601
73130
68943
69772
20907
83396
242202
19035
68487
55991
664994
69550
66087
110147
56738
75909
59056
24136
19328
20963
242687
100043497
20512
20296
257633
67210
67976
12660
56233
238330
12531
68927
218215
16993
13191
18595
217473
215280
109672
218639
30878
77974
71779
117591
20932
83603
625018
74356
12722
432572
74239
68095
93888
230674
12702
99586
230789
12931
12864
12453
75751
103711
12492
76299
68250
66694
78541
66515
72981
242291
93706
12862
56275
15931
52808
107476
14043
20753
327942
67263
66090
20218
242960
104346
57784
67472
14660
67130
217830
76843
19708
231600
13120
19682
107566
20716
75871
67993
218506
228876
11746
66642
209497
70423
234582
17710
18190
107581
18383
210766
67860
243923
11303
231997
16768
224829
59049
21983
394432
19052
66154
63955
18645
208449
21809
214552
18537
17974
17952
664862
58804
56299
30050
76954
232371
56451
19179
231670
225348
17127
52357
72199
23924
27029
14678
94253
216856
52717
69582
76238
13136
330189
12028
56433
268396
13636
330064
19729
52206
269608
224024
15958
80904
66174
72287
214968
12752
74648
66455
22272
319371
240066
73729
68059
448987
71833
54216
15452
12325
665622
237868
170753
22038
330790
12915
227937
14073
51799
114874
68021
51797
74386
18222
68964
414801
102595
399558
78889
52639
107589
234463
72778
210808
11603
192652
433182
67171
433375
67603
27360
110920
59025
26416
23827
72244
109731
232811
16569
140740
214048
19357
432479
22329
223272
20729
78070
68936
20516
56224
20392
11428
18414
77305
108654
102247
320253
57373
667742
30956
72462
74270
110826
16180
13669
17948
29817
228432
22351
230101
26427
22059
208285
239170
11610
69202
67163
56736
73916
215114
66877
22032
69784
19662
56745
13607
668158
67776
72993
22696
235169
15473
234407
170755
12632
66214
72046
17389
67446
22190
67103
13631
75747
320678
13830
14528
16453
50753
72309
14268
14745
14783
381560
29856
73910
69955
19821
26421
23854
13244
30839
57810
14710
26940
52535
30059
15950
105663
14221
26992
14467
108689
53610
216150
16880
194590
71365
69113
71675
101148
70439
19330
382090
14664
13852
213989
68552
67917
19352
15444
12041
16407
75406
80286
56428
57170
12338
217715
68263
13848
68667
11966
226823
546071
210356
54132
64058
72486
67579
74159
107271
110902
13345
20469
105245123
12234
14390
242521
50784
207212
67869
74251
228875
16576
53332
12484
244867
13610
74998
330216
56551
268566
105239
11909
240057
218975
26877
20710
329727
69786
78177
69104
215474
74114
22271
76718
208618
12799
17120
76178
52118
100855
16370
268470
12895
235043
209131
229524
66381
67384
319236
100504425
26611
15439
17448
67943
50926
108682
235406
69940
72475
17973
68117
240168
16150
23887
59029
20847
117606
228545
66925
435965
544817
20187
238871
433956
18550
23872
74150
68728
72265
244864
67306
70045
240505
121021
11812
212503
19177
208146
245596
217333
57296
14700
11488
226999
13018
67078
21985
27428
224143
230126
107260
18655
80982
14149
74559
381678
52708
67979
102631912
56857
14723
71045
101861
68303
545156
67065
18037
16998
53886
626578
22701
29812
72075
57342
229801
74106
214804
71751
80859
212647
70726
14682
102866
11785
76482
68775
19069
66500
75965
56434
19124
211135
66075
105348
67972
110911
18750
320609
320720
70693
70349
93737
58198
66569
18176
78100
83410
228880
66091
80281
216829
20353
269536
72477
170750
235086
97863
16795
13006
13859
239188
217835
14086
83671
20499
13682
78755
66397
11997
66857
102103
81703
54484
66108
622675
16779
109857
230751
217705
75725
211712
83675
19013
52028
19326
27395
19732
71968
22152
216792
14226
19231
72065
12064
17189
21859
68631
72565
73062
18483
73316
68047
20970
71336
16531
12616
226250
24064
27999
106369
71206
28146
52575
16416
407243
72042
219249
54405
50789
26404
102466642
381338
18186
242915
208111
20709
102640772
15484
12927
17772
21425
100273
77446
66713
329470
225131
18214
434204
16978
68832
218865
77590
226564
66435
380921
13197
639281
327900
170826
94232
12175
17690
24060
381280
17965
70617
73144
67486
16909
56360
67220
66998
329384
53378
68292
19301
12841
108151
13004
76485
270685
27397
80885
15505
114142
320806
18201
19245
108899
272158
72504
140742
233979
208890
67273
56461
331026
20918
65973
330323
73658
94178
67164
18828
606496
17921
18647
231858
227737
80743
319155
69090
12801
68493
214469
23888
231214
329795
56615
107375
70445
101966
69487
319513
67767
107503
68473
320808
20639
211286
268936
13088
70796
72500
226139
69635
109095
17118
216974
76580
16190
14658
16782
234663
70432
116940
17991
100379606
12585
66704
66895
24083
13046
17122
66048
381409
18596
53424
233115
210297
214239
54353
68020
80752
21672
107522
102566
105246961
66771
83397
329679
11972
72552
19687
20198
117109
170644
50997
23942
66218
67956
67441
217119
195733
74365
14904
18854
20539
18218
16549
18685
14048
104175
52683
83921
14107
58200
71890
13638
66629
11477
27059
75782
56013
56705
75990
71753
229615
20679
268281
100040766
59287
217664
66993
20586
210582
66272
93880
13167
67028
22634
76365
80976
67760
109161
19335
223723
216821
54403
21841
78925
106529
107371
216739
104009
239546
17960
67128
434215
216705
330177
106861
69726
68048
11819
268721
216188
78752
66425
74201
71805
14632
192176
66681
381580
386649
72519
14725
71718
228356
15234
15569
216363
14163
72999
18811
228033
140559
99696
23849
224170
66588
277360
102641476
11717
235623
17979
109113
23908
217718
626802
67418
71330
108123
59043
65103
19664
73078
83797
20846
70791
211347
235633
20530
11474
628308
19141
67916
72611
12606
20338
17777
16790
75788
56812
15199
11798
57443
75540
28248
72507
319899
208431
69702
211914
15980
216558
74646
57752
17755
26395
67123
347740
68828
65114
217379
15500
16188
30853
140486
22715
21677
22404
70762
73139
99382
27403
68219
16870
66152
26364
621976
71678
17131
382207
217882
66844
240518
56772
58223
72144
665180
68479
67286
23934
93838
14579
68498
106633
14229
72154
77832
80287
224794
73124
68797
76788
215378
277396
71517
219022
77975
66050
16886
77106
64453
170748
74772
22619
70186
22273
13982
71275
71985
72147
75316
16973
15512
24113
21877
13047
213575
74187
140571
66264
218624
11767
17087
15414
51886
98396
12215
77809
20678
436022
252972
231991
98363
78558
17125
19185
224705
140500
75698
170763
14254
67784
22592
26443
242083
12288
320273
53375
229699
76824
74322
26903
216233
74158
13163
213556
433904
56036
242653
20822
50770
21428
15360
11479
67198
19891
114716
30957
434232
69957
108655
76205
330450
170737
73247
67116
72397
74194
13836
59028
218914
57028
321003
223593
66061
66278
14489
320951
101401
16432
56046
228602
13838
66834
22704
210029
67898
77777
66921
73172
14567
330286
234023
74076
52013
68842
14376
52915
217700
14702
21787
68721
14860
226151
68291
22719
13056
76073
20536
75624
76792
68097
12460
353282
15254
11518
114255
22710
18242
228491
19367
52615
55988
73516
72691
12946
252967
252966
75590
22337
12348
52686
27361
57440
19012
237759
272589
68636
71538
58207
68024
14389
78618
194126
21812
17698
55944
100177
234875
210126
69634
216618
100042784
107746
16664
56458
17035
226791
170719
21384
76467
263876
12705
237988
230935
69956
215445
15510
171567
67921
170459
13592
22321
13340
69807
67160
338521
69064
20620
234577
53319
16007
100503676
68944
214669
241624
272428
17022
72480
21821
104625
18796
104303
15356
71889
105005
68879
14120
67680
209032
75415
68259
14270
104479
13709
99633
107734
68675
245474
245522
13486
20833
72113
13356
320394
76080
20588
18521
12728
71564
414108
14057
69150
28250
14102
330812
236915
13555
66241
18475
69430
66885
105372
68016
71724
20429
382117
381694
78668
237336
100043272
16337
212999
80750
67464
107895
14426
100504710
15405
27399
232157
260305
81910
14159
207785
56541
16328
67276
53382
52468
80289
69186
68197
69091
24056
108937
55983
50490
20133
16348
631624
107817
64103
239667
229285
64656
240327
68995
109135
57837
268935
18938
100515
58172
18787
207740
14225
94246
245174
116748
56469
59012
11551
237353
12709
12408
665596
622404
216820
244144
240892
14827
326619
56347
11816
214627
227960
14252
30805
30930
66230
226646
14118
17190
17954
100504116
74016
71323
234911
69572
19220
66423
104130
100042807
24068
11783
209683
225845
211255
56048
16001
233328
320560
58178
102634962
13712
218820
69035
12286
69527
67036
16573
12018
19270
338359
56459
171209
66894
71481
71901
110075
69737
70317
67388
219181
52874
227624
21400
16974
12366
78887
70435
16600
67105
16004
19016
17873
15531
21389
106039
13732
77717
54402
79362
243548
78779
18415
68066
72805
235907
100038725
67217
13723
20742
56349
100043489
12827
56693
21974
320438
67255
241308
13713
12631
20166
233877
11468
11640
68036
67187
170829
70673
328949
233071
20363
67454
22260
211577
654804
226154
217039
66736
24067
20623
270058
58998
19414
50529
68942
21952
16548
319504
66403
76854
18023
269695
15245
52637
76687
67180
20513
226105
319156
81601
19285
54377
16498
93685
12287
93887
70028
74155
18583
63993
212514
22393
319477
102075
54201
109934
329056
208922
12417
67397
17449
229007
100910
14461
15959
212139
79566
83435
66863
68350
20724
11514
18008
384061
14007
67897
56314
59010
14534
574519
192287
15248
56878
217893
12988
15040
319586
54125
66180
56078
434008
56087
18640
18578
56361
101437
22751
14854
11350
245469
116870
100978
53902
210719
73047
70381
22722
12334
66161
27041
83602
243771
17268
94229
71690
381605
71891
72739
215999
18572
18710
268747
69804
74763
19296
11306
71856
75424
17196
76547
213053
20872
224132
73288
67712
68758
193452
56350
67871
225028
11702
76051
268512
319229
380967
268706
68550
12566
107321
75870
67308
54723
66622
17423
22654
13385
67938
99412
76900
30055
58996
17083
228829
28042
66665
116972
67015
244585
110960
68734
11793
18693
75746
59288
54198
231712
14479
74012
242894
192662
110962
19356
21415
65960
105242657
245532
210104
63830
56075
223753
59044
244745
320011
72007
69065
78586
235661
56463
270084
74153
105351
241075
21987
56445
74137
72429
71807
11489
22209
110532
214579
228564
13797
76877
381917
70257
71449
67145
67246
73738
269424
125179616
51786
26564
109658
24105
12509
66333
12306
212398
80748
56489
67099
69519
12476
12396
67440
16558
17967
105670
102607
20698
21894
228790
17931
12181
15288
547253
13609
100504715
56282
108812
269713
76947
70616
66787
236539
338349
68183
107527
16210
11987
94221
244238
228359
22196
83490
73681
56215
56550
66199
56248
15469
229905
12006
94040
67773
11983
28006
59022
544963
665574
80708
100101806
22092
78330
67249
27388
50794
72649
16456
20707
56748
20014
11549
17000
654470
76813
11754
18209
232539
381353
76233
13821
11444
320661
192663
66355
77940
73852
435366
243834
71913
108960
76563
100952
19769
30948
14219
23972
11740
59126
18805
26944
11992
320717
67609
19360
13661
23922
72736
74330
23831
225160
74522
55979
21991
20257
108699
14634
70231
12757
69178
58175
217342
231279
100213
230500
13392
52348
11787
72357
100502940
16855
67493
15571
216551
619973
106021
70292
67106
101095
66493
16975
97761
69106
75320
93790
100041734
235431
72392
100041585
100233175
67307
67016
15502
100043468
12615
241547
102545
243931
271639
269060
66129
240038
382073
70691
51902
100042856
76416
231986
99010
223752
14910
71667
212198
17309
107607
18673
76220
13875
102423
11856
114741
74525
192187
17304
67203
114128
110784
26390
218138
241688
216516
14683
319660
225908
320974
53310
223921
242721
621823
230233
210094
101497
99887
13660
226499
114896
102334
102638016
240756
107528
13436
74148
79459
73373
71707
227210
381801
12388
497652
234358
17748
66973
109168
75480
20312
104099
21975
13202
216438
74467
338355
271305
217827
56295
218461
76041
333654
67333
105732
66892
12309
67153
74359
73737
13626
66975
68201
66922
70233
214444
66997
68790
54138
68070
53328
240084
67019
434234
227541
54366
66368
14470
68567
225608
223267
68375
319742
381411
241175
12298
75404
12166
234915
68526
76936
73254
231861
17999
118449
16574
107771
21766
13804
242523
11993
53413
16646
68767
17880
11517
217463
22596
320799
13139
100039953
73724
20342
11495
233806
209630
76089
224481
101055907
269397
11810
94281
20227
69216
78893
269823
210293
12409
17886
13200
66043
16425
217378
16765
217536
78908
13448
269401
403187
26446
16440
99371
67239
66817
73679
106794
100379146
230809
64383
66980
230594
319211
20168
66816
192976
67847
14020
231532
72433
71865
18607
18223
78308
114679
75273
71279
68192
76786
279653
209645
257635
68501
15163
18128
14421
14600
56876
14166
74041
75826
108077
236266
80986
192191
14105
18760
230971
58800
12353
216760
238021
330836
72354
76477
70024
70103
56386
215201
235559
66926
11487
69697
319845
66860
66448
110310
109082
217201
76787
19302
230584
215335
100041230
230903
71770
268564
73680
20311
18582
234378
100710
70551
229933
56504
230484
382038
230700
11949
320842
320365
232680
100503659
66521
20913
217845
16658
56089
72621
66306
216742
18099
338369
329782
246293
70209
75796
72607
320825
66594
13731
71609
71703
215512
108687
15530
19062
20544
207952
207592
104383
238690
56363
212168
72668
74782
54722
240334
14628
100042880
69834
76688
14369
232089
229228
53320
103765
217370
80288
74776
24059
74747
57912
72831
21888
76568
14863
225363
56070
242691
234825
20170
243967
50759
233887
83965
12177
67096
67669
54137
22691
109229
22418
114713
226169
664968
19707
71544
75422
109905
230796
72535
12282
68510
106489
68092
13386
68146
224619
17831
100126795
12445
19092
237253
76425
17537
73233
55980
14062
70536
13528
212163
66495
16158
74080
70120
319655
103963
14773
13639
227638
67826
103841
68133
21981
21826
16798
67229
72018
665211
232947
328232
16772
104923
269585
628746
12224
236285
27078
668923
77929
94061
170789
71966
100121
66789
319955
26572
52377
21366
24012
76192
211978
68108
140887
665155
100862375
67292
70122
52397
214459
17126
70008
16005
72898
319178
19038
76886
67547
56491
100271882
67615
170791
227399
69029
20181
329152
67391
215051
71804
21887
226414
72055
67071
24071
50523
268709
12514
118568797
52202
19210
74548
217410
228765
18969
245944
20360
72183
66695
14404
240067
69123
434402
67877
75599
56407
28295
78334
104570
329735
320865
68031
74190
70503
14957
213081
14950
18717
26425
317758
21827
21422
71228
407812
68559
77987
102639653
668880
109652
106763
14272
22770
75668
320204
11950
218989
73825
245867
381201
110198
103844
100042776
224044
269878
14430
66441
17289
230099
55927
407785
24063
19089
12879
223435
58182
12020
217331
240817
213649
115489782
11841
17918
67299
380711
70082
18762
68038
245537
213990
13728
64657
80292
68598
66943
268354
13819
15586
243083
74769
12869
68393
216877
16195
74488
70527
69612
108705
11858
74351
83433
108037
75288
381979
78919
239122
15413
17240
319352
225326
231003
73173
70247
75723
226025
244713
100434
24014
66706
50708
93686
72873
12448
74094
107829
52023
628147
54373
68169
18861
20520
67057
66168
74182
72399
13433
73284
13666
19334
216151
14422
243864
213484
21355
66384
77200
14621
102631981
13388
102636324
69551
171388
73094
67082
66074
224742
16430
67876
67161
66354
104401
11975
56644
72982
100303731
64075
11777
213171
70081
20492
16438
67063
53602
320683
73251
71702
66570
104831
64652
71728
17342
72170
65964
105193
108148
21379
69780
72282
73834
76559
23947
11601
53978
11666
11593
56443
210925
22750
83704
19159
229681
68519
69248
108760
230088
94092
319179
69367
68897
12291
245631
319583
16648
21832
66209
94213
217698
235472
16516
72828
15400
72238
53379
100678
12861
66659
70373
56430
108168397
13437
67109
15904
27362
26363
235584
215653
52592
68738
67118
68947
217695
19108
12530
380714
66646
68796
67417
72029
76375
103135
21885
14266
20005
100306953
23885
19345
71885
26936
74637
105651
107239
18970
382056
18141
213393
11907
15382
319195
68499
78309
74252
382113
66274
71972
664799
56297
69076
56637
22210
58521
14977
14275
11658
228012
74653
23984
234362
21423
68121
15404
320709
73422
67667
232984
93806
56758
66399
22646
67087
67996
70681
67178
269033
319939
70771
17701
14894
20420
68229
22590
76976
22658
67443
22441
77604
107272
54367
67857
233208
59093
17995
75914
233490
17385
225187
668940
18286
67812
237436
12846
14027
73919
53600
225283
215705
67717
239652
213573
58194
231430
19286
16589
271457
319207
66525
103466
73024
115487571
20648
18824
68018
12874
56807
18996
99982
78903
67467
320869
77056
56335
17702
20430
50793
216825
14042
11733
338337
72137
21898
29861
329828
22344
107732
74195
18798
14056
228608
76483
71041
13924
71999
56196
226442
635702
216440
70779
16401
132660285
319161
21750
67811
13002
225898
109305
19679
20674
26384
270672
67035
52004
100043102
68140
69627
68396
74126
246738
70568
54126
15975
66257
66335
226422
70208
56041
320234
212111
66047
241274
279766
50911
65963
330192
78653
67619
233987
28088
234857
66972
20776
18207
21976
103232
17217
78802
80283
16543
241447
100039968
77053
52815
381259
12400
27412
13026
18704
77652
20224
224904
414068
50918
20286
70239
50877
15369
16164
28106
76987
67261
109115
15015
234776
64817
68521
20333
108946
68730
19752
69277
140721
235386
56338
66411
12725
75398
11927
20589
74521
328092
23877
15937
209387
68953
240034
70497
235184
107701
234967
105522
238317
329575
19698
102639543
269593
67948
230753
66587
75847
115489452
55984
70892
93696
637004
22323
212276
14265
67037
102639598
54354
22688
100342
107656
71777
13196
330817
385658
225579
66356
109270
634650
14132
13806
226610
329659
67043
278240
52906
17182
67053
23996
14687
70093
667370
11908
109205
100039123
77065
71393
66503
68591
94223
385643
269423
12554
71843
218832
18612
67785
18263
433752
68794
75423
100039440
72269
68799
319812
108168395
112422
66190
15401
16332
226351
13874
73246
66898
66098
75475
18027
78178
66395
66251
94230
69358
241311
100216455
20349
74018
22630
67974
11933
74206
20773
243385
20356
68537
231134
12537
232664
50797
72713
142682
235606
110109
226153
21678
66200
18793
243755
72306
21780
53817
20305
76138
74430
210135
69710
22700
17756
65020
75516
51800
103742
18845
18140
67885
17975
66246
19338
66848
227612
224624
67465
19383
232790
67664
27267
59036
22685
242702
75593
231128
382793
59046
28199
15007
60344
320256
226178
22680
22156
50773
18100
69821
18648
330956
625167
22295
70757
319162
56205
231668
13017
65221
16924
57431
11820
12994
68332
75669
104859
239037
24086
329165
67102
66046
11773
12633
77721
74145
229055
104248
106344
20848
224860
15247
331004
76338
74168
16351
76916
15233
52864
15957
27393
50768
108167848
218441
241327
76265
19878
234865
380686
15107
623121
58251
74411
11736
67878
52036
384281
671535
67357
18024
338320
78428
11425
57319
20624
101197
23971
246229
434128
218734
21681
107373
19158
19654
319613
105428
94275
83486
80907
239650
110323
242377
56722
12351
269132
241576
66753
209540
21849
231148
195727
100126034
217057
654424
56771
15898
230761
17096
18195
319184
15587
212281
237412
211329
15357
14679
218693
14573
118568354
213011
71785
246788
68968
230648
230866
56542
66377
229900
241568
20220
109333
320202
69454
64340
620016
23805
237775
320587
21414
71962
16874
75292
76132
16530
22200
226757
78283
13347
637776
232236
239027
72723
235180
115487747
65107
414101
93757
80987
18591
225929
231287
381350
100609
67772
228994
107723
117150
75964
72180
326618
71617
338354
230738
68708
433813
60534
18440
665563
11735
12892
12905
69747
22192
16661
56448
14866
18130
67179
12444
210789
73668
52588
654309
224836
50849
232670
105246
115489001
259279
75659
381921
18074
381413
594843
100503924
66643
78670
16423
319277
54604
11898
224792
71710
544717
19349
29810
66953
75605
17330
105244348
77117
51938
54473
67704
72787
57896
68176
55932
15200
226143
70266
380660
207615
545648
66601
76816
24135
330671
227800
66637
68295
22146
170720
67732
20463
12867
20930
231050
15216
104080
14380
81535
66830
241391
29806
74315
228769
22693
622459
545490
230162
105722
16912
17428
383103
20306
67903
20163
15159
71795
269037
107652
58799
66917
70110
241694
244550
56177
78754
12565
108168785
70646
17859
235320
16372
77574
11758
69082
78832
12217
53612
78797
66815
433408
114301
84505
233977
50935
13549
235611
233904
12005
378937
319266
243312
78689
77582
81877
14563
68948
102632241
66142
24061
71918
83554
70713
11847
73218
20706
224020
380718
65246
414111
230596
74199
57080
66970
93842
100043580
66164
217125
75608
544881
381820
100043387
15331
100340
229317
18753
13033
621156
69906
16194
13144
68539
194268
14158
244879
22123
74125
65105
59125
109900
76366
211006
56417
246104
52713
12798
94245
17951
74493
77031
238247
228812
20519
108888
20088
83962
75339
102058
319618
231871
57257
68572
100038735
20135
71508
52633
60363
100534287
217140
72852
108086
107449
218100
20194
56743
19704
20618
76763
20259
67144
78412
106877
626904
19719
69126
18741
24017
20201
100637
18618
69672
70350
329941
66120
17219
67433
71949
237459
140780
668039
12521
234373
18046
11964
56409
54383
21937
74841
26419
76357
269400
74552
27280
66343
94063
67966
72881
12840
230775
72958
74781
100503849
13400
22427
14791
380850
71661
67379
109674
57783
27261
17218
72508
230661
242050
71354
230872
71954
18518
11747
80707
244556
219228
107173
66491
64450
226519
235050
215387
93759
13209
66950
11752
216869
228993
66126
72672
68565
59040
215814
77579
75580
56317
67971
30931
98828
109145
18763
105246757
268903
353190
20229
56453
12866
108645
100040462
226830
21856
66812
215303
67556
26430
53321
232337
244141
12972
208076
11951
319822
12857
70549
75641
218341
18114
26909
330173
225372
19221
12465
19155
211666
209692
208263
21824
103142
269152
100503794
19411
56195
67059
66404
12626
228421
236511
110596
57914
52666
17966
216131
72899
338371
71151
69656
15529
26457
72128
68693
100504291
71872
64339
21944
545622
16581
74254
268395
280668
269061
70997
18974
100504464
239559
66223
66505
102747
66155
243906
225358
69601
22695
20540
192196
93712
50799
108160
52231
74143
11750
54648
654803
100102
76014
231130
18585
387194
353310
66531
381404
54127
14735
67955
57811
17210
18391
67952
227058
73647
139352146
192173
14083
67420
234854
394435
238328
100416706
69743
20832
66229
15078
22779
67177
83493
54635
239102
68592
624367
66086
75665
71983
68198
59032
52626
229707
109093
28109
545389
116905
66650
223669
53333
15214
72482
67703
29877
228136
109901
29813
30840
228839
381410
16420
209018
56495
224023
102093
76800
15166
109929
56874
640524
105246056
72580
100336
11548
117599
11504
54720
114664
71389
69241
14677
101185
243910
80294
76775
66496
70430
21380
27354
73828
170758
214897
16633
107823
15381
107094
102633750
238252
16588
110750
99151
71213
108660
74213
27984
13204
74268
56258
27384
94091
78798
76454
380705
15936
22341
54352
12617
20238
320805
15441
213980
16156
77994
27965
15193
24010
101206
99889
98403
13714
15182
387609
387314
12294
67054
70645
71837
18626
11443
269959
54611
56703
15251
17346
29871
53890
12468
68318
71492
319480
101994
77057
54721
238722
76293
23894
11465
110877
20687
100502698
11498
170740
170706
70383
225659
74186
77951
66801
30045
208967
18950
74238
338351
270066
231915
22114
67266
17089
11821
107999
219189
193670
212508
68421
67474
66052
56369
18221
213332
20437
66994
74320
72459
319594
30058
68815
239845
67422
231717
212326
56419
213019
54151
242409
192174
109264
330260
211488
240442
13998
52163
20597
68795
12527
13627
15893
67095
24127
56088
54188
15458
66140
66073
50884
214764
100383
20656
209200
17454
93715
76804
209224
233902
353502
67988
666584
66913
434156
244416
69215
380773
72320
68833
52076
23808
11973
66286
237362
29807
231889
17828
59003
68328
26905
71673
240832
15257
100038882
68581
17920
235134
20454
100503969
71970
55981
15528
57915
235048
108853
77862
76025
230721
106014
73847
110695
67939
65247
75104
239606
13649
245026
18049
109136
433791
68126
74096
102636239
278279
100044193
56323
627901
233726
66481
208650
74519
80860
66144
98910
209354
56374
100043915
71085
75705
74178
100502861
321007
12034
245240
72823
56191
70351
72900
381142
52551
93761
22289
140494
11513
60322
100042498
216454
79233
70427
53323
102633437
668198
54141
97112
22378
71839
14411
19175
12662
21848
79456
68463
66266
329064
14584
73921
16852
12839
56372
16803
72139
241846
66648
268420
13990
27223
212127
27407
13371
100039060
234356
230597
102635473
78801
56149
108168114
225055
100043381
12455
14797
84094
71854
329628
214952
624219
668173
74256
494468
78891
71790
360213
12589
105245391
100040500
330503
94064
70419
74868
104732
23801
67500
68420
53421
22258
22033
66591
108116
11840
59057
20852
240095
12609
13716
19777
191578
319486
100317
100038516
56749
20496
21973
15468
227738
83964
19173
68991
29870
70484
78773
69181
18738
12346
449000
11534
228071
17925
208846
547176
170833
11546
17129
20585
72750
11876
26413
51813
108168448
244895
107328
56044
56380
106143
212679
233895
18813
207792
215789
20981
22346
16597
11419
26450
74019
74375
14368
67681
238393
380912
21854
15205
71955
66253
213121
69871
214855
66658
69727
20821
93742
83703
53611
12813
224805
223918
107368
234699
12497
83434
73873
56717
244886
109075
104725
18701
16452
13844
101240
13003
68202
238692
18671
66125
320452
103534
69297
101631
74626
20726
103967
20340
18145
100415915
69917
21685
208884
117903916
319263
381101
384185
328035
231151
71241
213541
68044
109054
12695
70573
210106
12859
21982
17765
20971
23834
53970
100072
228858
56280
360013
268741
71834
69163
66932
74048
20619
27366
93714
66568
97031
208080
55978
56873
408068
245866
268882
72590
52033
12842
14758
67788
170736
67042
229211
18759
22221
338360
14465
75089
225912
214489
269513
626832
319953
16728
70178
71406
12727
83922
66067
12055
74645
347722
11630
330662
67338
319262
12345
244548
230577
21684
58180
320571
66220
213350
218194
52463
14457
23874
209815
21778
114886
13353
20873
83485
65113
14012
72114
320910
73707
74577
12183
67091
217351
20044
20649
574402
67845
99152
13434
76108
672763
544922
104079
12402
71726
245945
68755
19647
80890
213539
106338
140546
67842
665001
243362
74741
258280
11632
74352
19172
170761
74111
435684
56307
56289
74855
20319
67998
240064
100043772
22380
217716
232449
195209
74691
22327
14194
22003
320351
20534
97775
19142
71584
75062
19725
17711
69537
382245
244421
224648
16568
629595
442827
240396
474332
22784
232023
57444
319157
11727
66676
50927
72400
67630
12371
12568
102638983
77038
243833
19355
171486
22278
57439
19651
217011
246198
102637400
219103
226525
93893
59004
112403
237940
117198
11692
56210
78781
75600
231637
171508
107305
67052
66181
243813
100042555
68323
13849
21408
69051
320080
236573
21951
83925
75458
20042
20562
108802
14626
13016
319582
56437
241638
16181
53761
23837
84544
69232
54525
27377
105446
57813
208266
68836
16876
353047
53334
73711
17263
215615
241639
94181
74132
244091
217721
12630
20853
71756
19218
56392
102637087
18438
674895
217578
56526
230582
20917
208501
26428
20401
319556
68212
66114
73683
98402
12909
19132
21762
20683
28126
71998
78651
93730
69276
56421
12370
330695
107587
27416
24128
72351
224893
102216272
74200
76007
13640
223527
64291
272322
69837
216860
67138
333433
67204
319468
68337
240055
70078
17910
70369
